3889
627404
869608
1323800
1738563
1859889
1899064
2132226
2558036
2983715
3328172
5179174
5222727
5325615
5732541
5812926
5820422
5948457
6279563
6550338
7005659
7011902
7137297
7324768
7340683
7347907
8057890
8150308
9078676
9149641
9297224
9970373
10153833
10274155
10735734
10758377
10989634
11146802
11190581
11300059
11302973
11347323
11496513
12624645
12875284
12968808
13128407
13695344
13760559
13812754
13967962
14050658
14178340
14822214
14965755
15007027
15820690
15824579
16471793
16839359
16864857
17085644
17267100
18122888
18134912
19083298
19123317
19318829
21074829
21138031
21586574
21654981
22928084
22930689
23379189
23537437
23646361
24095846
24315142
24543655
24573468
24853338
25033413
25580980
25798055
26021033
26117261
27089648
27338599
27446011
27515304
27549507
27691776
27948979
28025727
28130766
28221007
28480741
28660942
28756949
29328272
29409205
30217995
30418020
30823504
30832246
30977299
31226230
31464147
31510851
31716047
31841282
31868539
32311906
32597002
32658717
33104529
33110510
33115866
33168686
33448970
33706021
33861625
34197799
34367292
34719177
35096543
35140808
35372507
35554370
35827634
36185987
36224183
36483536
36753518
37403237
37593214
38041067
38060561
38386680
38933118
38970014
39006166
39164372
39233108
39309030
39595999
39694420
40142899
40301996
40508630
40981380
41769160
42803053
42846684
43220305
43770606
44012807
45208949
45262049
45911088
46903251
47368704
47858771
47992966
48114565
48162030
48354056
48359732
48449095
48510282
48554249
48805937
48926296
49085839
49823191
49851408
50233632
50516202
50687347
50687592
50859651
50909388
50920658
50932570
50994344
51451163
51962420
52286076
52340206
52530122
52833056
52989724
53664490
53797406
53806649
54028309
54028901
54285105
54827236
55112830
55962564
56648621
56888995
57568756
57897825
58295282
58375367
58490406
58635542
58762215
59686918
59849655
59997520
60225521
60574707
60789484
60872455
60897624
61581288
61695468
62373906
63133900
63562525
63680452
63778475
63954127
63997873
64037889
64063924
64383010
64643605
65072717
65114542
65387995
65438278
65455799
65564793
65749050
66903848
67192157
67561410
67706685
67943418
68018626
68062329
68170351
68670185
68726852
69014805
69251260
69328785
69928167
70110219
70224042
70418633
70521966
70796211
71271286
71503107
72157876
72594848
72666340
72708018
73643185
73708644
73877172
74359251
74734256
74773988
75050477
75736805
75817070
75953378
76986819
77083732
77214818
77530955
77624402
77659937
78688882
78744302
78765084
78777003
78781587
79075171
79330623
79420707
79471021
79961018
80140204
80188127
80250371
80623717
80827518
80971864
81006732
81332825
81358439
81549732
81597370
81687009
82369958
82487819
83238690
83394720
83701148
83889551
84376964
84620312
84640368
85208581
85449433
85507176
85510354
86014044
86093406
86361423
86439242
86547821
86564676
86667540
86720585
86954753
87070646
87668155
88561064
88823079
89072200
89256940
89391980
89815270
89916463
89923135
90060282
90517763
91717712
91829021
92145579
92196804
92355497
92435125
92450483
92587630
92605849
93054317
93165747
93299774
94398764
94784416
94808181
95358186
95466334
95870331
96035653
96146861
96279506
96297362
96338664
96920040
97263662
97566854
97861424
98091347
98093741
98100562
98124992
98258450
98329176
98572502
98623080
98960360
99363034
99662948
99700501
99961684
100020993
100319568
100439184
100677988
102029002
102760474
103005020
103159875
103413677
104032422
104287765
104537246
104880169
105503460
105846889
105958440
106031391
106862565
106921047
107079908
107239688
107306013
107426795
107577372
107840202
107842221
108129434
108147189
108252861
108680035
109061390
109127243
109614840
109840199
110083431
110631352
110673536
110880320
111016004
111136566
111221357
111303164
111413900
111829177
112304458
112731872
113046628
114689599
114693445
115547942
115600498
115890180
116272564
116459824
116805677
117735251
117857901
117871543
117953988
118207495
118266468
118373240
118384876
118402786
118431522
118602646
118608663
118635602
118929192
119369781
119649858
120284599
120711429
121234723
121813159
121995518
122128406
122286998
122757762
123454740
123749423
123845513
123995393
124318344
124333390
124390499
125119356
125443782
125579161
125614488
125632250
125878292
126107539
126247955
126301129
126642001
126767264
126891682
127650254
127767435
127909718
128303534
128388773
128495619
128575649
128956415
129214629
129483849
129617058
130200510
130277274
130359738
130719954
131067066
131108577
131304311
131648113
132054007
132578448
132959277
132992147
133041618
133653525
133777702
134379124
134459577
134871705
134963559
135881832
136111061
136144564
136329459
136483376
136518805
137057723
137075940
137235375
137395841
137814549
138551185
138701662
138896553
139121393
139301505
139688689
139706476
140239434
140331343
140457149
140977031
141064888
142216794
142286512
143212252
143303095
143409670
143480154
143645940
143813020
144101586
144932636
145192265
146391742
147382363
147722397
147802257
147963945
148214946
148262672
148356111
148410855
148681387
149392511
149417466
150748108
151263682
151543675
151991450
152041211
152303719
152572951
152605970
152726736
152847666
152996247
153040816
153916664
154002465
154165271
154301290
154567091
154584252
154597881
154771998
155156024
155466327
155717628
155952177
156059388
156858273
157067706
157466762
157514404
157618820
157632775
157787288
157801930
158460525
158636649
158994158
158995476
159617958
159916109
159922874
160117085
161033654
161620086
161772592
162062780
162069299
162647138
162788068
162842179
163303900
163375745
163380060
163678562
163889806
163895105
163945306
164620455
164927011
165379238
165428919
165653739
165822217
165853125
166230483
166722734
167657120
167946364
167965458
167974867
168117044
168230943
168340428
169118861
169396832
169816208
170028912
170139604
170313306
170578498
170665691
170868517
170955355
172036603
172179209
172298039
172473472
172500252
172674511
172843244
173504811
173806015
173889861
173898106
174570747
174798160
175125166
175248279
175328892
175441399
175469869
176002761
176065769
176417800
176487479
177532063
177881046
178128796
178451519
179023469
179181801
179379839
179522155
179549833
179868105
180152318
180258903
180733952
181572857
181783334
181937500
182734692
182939187
183113839
183213937
183514447
183664695
184058114
184265406
184389949
184477238
184558572
184762670
184902260
185370227
186910778
187223262
187451367
187964998
187980687
188264666
188293195
188381649
188527516
188659599
188965739
189061425
189282692
189409242
189865261
190070329
190447292
191450950
191657347
192097797
192106098
192322753
192350585
192749023
193124191
193860716
194336791
194645068
194713788
194749567
194937017
195371695
195512847
195576382
195925978
195932093
196612180
196825148
197312347
197414783
197963995
198407563
198465889
198972209
199272119
199752136
199838714
199864845
199867987
200231246
200435449
200463122
200615562
201101000
201204202
201360518
201976024
202761294
203423040
204026522
204385404
204408395
204626515
204680693
204757724
204846407
204996119
205201835
205381029
205415961
205479128
205916896
206004035
206446138
206480045
206589654
206602816
206880234
206931182
207271194
207488555
207624038
207686438
207817517
207845245
208002864
208193623
208221812
208375739
208463827
208659866
208860191
209105604
209613502
209640197
209967218
210181405
210586954
211053817
211060494
211459616
211690098
212114346
212246603
212333310
212436347
212809507
212853205
213491984
213597354
213693032
213986126
214426758
214602728
214911740
215136115
215968111
216319292
216933168
217263405
217291374
217353165
217522467
218710529
218723206
218937593
219338096
219352534
219552279
219808555
220432925
220613958
220826010
221038807
221334606
221610347
222198991
222529810
222734859
222761414
222855752
223189164
223460083
223658466
223923319
224203685
224590771
224590828
224681290
224834663
224893095
225530334
225745511
226275106
226290608
226320489
227131527
227339664
227478730
227626294
227726394
227960478
228144579
228243729
228344663
228358886
228893830
228915959
230334570
230502890
230521440
230901367
231262037
231812699
231870327
232262027
232434749
232715154
233222057
233445386
233817071
234021087
234599647
234793245
235822868
235908612
236218143
236310980
236557181
236621846
237120915
237921267
238414888
238528773
238904001
239003333
239059953
239154167
239163064
239991931
240333266
240898645
241531471
241607487
241772350
241874961
242411946
242608127
242729583
242766616
242943111
243034485
243098257
243218538
243623982
243823179
244310144
244623622
245168653
245867923
245883918
246066876
246212117
246459071
247096783
247396351
247406821
248561259
248596153
248686161
248793535
249042663
249339359
249574555
249603280
249824446
249931139
250295630
250384548
250901243
250954761
251011463
251029114
251481376
251660839
251824046
251968928
252163148
252675280
253210790
253373666
253758534
254273494
254625242
254683188
254745441
255250896
255395012
255459245
255587723
255695900
255805901
256394870
256629202
256754755
257339955
257669428
257872899
257987604
258175661
258568644
258633571
258653637
258655084
258853581
259216723
259672590
260049659
260123223
260199849
260316624
260535458
261035455
261499599
261921493
262112016
262251194
262297257
263065289
263114973
263233596
263414209
263649940
263796536
263870052
263971406
264178692
264708668
264870413
265104312
265349287
265476413
265508313
265793198
265853740
266439304
266844823
266960265
267111765
267157736
267158548
267217872
267277018
268006431
268264878
268599093
269302807
269309611
269346847
269370473
269374949
269736473
269863455
270103502
270386026
271004047
271236407
271244265
271371180
271912824
271953448
272044981
272200935
272303837
272849342
273163824
273824781
273962504
274424774
274572415
274838117
275063696
275082947
275236314
275297808
275895709
276057816
276097812
276669016
276835143
277257128
277306929
278326899
280124670
280132886
280670622
281386188
281572102
281864819
282302055
282710989
283042452
283535404
284308537
284731354
285613145
286551242
286551383
286594659
287012829
287138050
287152903
287686662
287827181
288043791
288103495
288172906
288200191
288213376
288238414
288623074
288814576
288928493
289083618
289107308
289363212
289602034
289707976
289819418
290250457
290438499
290680717
291128249
291270451
291541381
291813629
292063238
292118702
292271323
292374495
292633380
292729035
292805952
293382976
293686841
293699441
293869013
294323750
294609274
294812463
295533528
295785986
296180222
296253068
296397442
296493844
296919654
297050838
297349436
297383394
297733547
297860670
298319033
298823281
299358771
299502458
299643258
300051153
300323937
300658307
300854992
300971582
301089080
301176484
301662285
301667876
302449321
303372831
303518509
303570475
304123291
304509670
304586187
304594254
304717829
304822340
305111085
305768424
305978935
306259552
306305020
306758473
307002256
307020004
307409164
307565286
307610270
307875303
308496726
308795625
309265217
309626718
309762647
309784882
310061900
310710832
310752086
311006596
311200770
311416362
311477691
311592870
312853310
312943270
313241160
313256733
313482273
314682587
314684871
315653651
316369953
316457272
316509082
316867326
316911320
316996227
317078941
317108894
317181181
317269582
318469200
318506534
318667746
319698544
319700116
319792156
320011944
320616344
321385238
321413392
321479874
321925265
322029989
322277444
322289966
322474274
322850745
322894947
323250377
323342716
323352475
323707639
323989039
324192094
324599535
324610982
325451823
325583975
325623506
325704242
325758735
326050899
326425971
326646835
326720210
326791967
328072686
328498740
328795110
328911980
329250587
330121591
330307396
330482606
330548458
330849410
331042501
331113605
331365957
332130331
332289885
332568741
333093259
333305502
333557826
333824742
335480788
336554409
337456106
337459364
337952172
338036433
338188481
338571106
338889275
338900332
339813625
339888277
339982972
340211257
340583242
340811706
340851959
341085768
341371927
342330550
342366444
342895577
343529754
343562141
344176627
344492263
344727815
344791581
345017671
346014483
346403252
346533334
346652624
346719479
347108100
347219279
347569723
347654391
348015456
348499909
348833158
348923981
349125698
349313309
349489121
349641021
351133302
351234413
351403701
352220121
352270602
352384426
352593577
352738052
353284552
354145107
354353895
354436933
354533056
354542571
354593469
354685825
354741168
355047027
355150903
355333117
355494201
355629065
355787433
355849363
356128246
356178828
356327360
356450723
356543115
356631193
357165791
357673102
357718908
358089928
358337690
358709282
359475055
359718042
360580580
361132711
361652526
362098274
362116095
363029399
363271493
363305606
364492805
364595436
364680387
364791256
365579774
365692583
366456511
366482610
366604185
366874206
366946524
367214040
367219174
367234854
367278033
367370956
367503062
368223222
368234821
368672128
368746417
368943418
369036737
369113481
369452790
369537702
369661310
369932761
369984475
370040236
370051904
370094977
370282373
370357636
370809199
370825800
370924191
371817465
371875925
372165201
372333952
372714246
372790145
373000926
373058616
373112792
373958906
374435925
374544409
374843074
375822381
376710654
377133158
377267300
377313014
377343876
378703998
379018871
379713741
379743559
379843839
380096792
380496869
380725235
381049894
381563650
382828642
382892354
383068052
383996334
384003606
384280285
385034798
385280143
385676814
385730204
385776819
386459985
386682100
386764552
386979249
387202856
387374920
388439773
389088808
389750538
390017634
390027082
390212157
390570502
390703367
390754352
390995608
391867838
391979681
391982451
392185316
392700169
392821009
392863375
393137995
393534320
393614340
393672359
393724085
393816236
394161779
395144346
395200378
395218288
395230560
395381893
395707805
396119462
396146260
396462246
396883213
397457709
397474837
397547145
397838647
398212317
398231283
398250952
398331524
398633175
398876306
399022784
399259515
399361799
399750471
400076104
400353766
400724725
400981196
400992854
401367498
401436628
401676773
402024567
402543578
402552538
403063810
403218311
403442758
403517493
403530433
403912136
404195377
404380147
404562109
404905977
405409997
405674874
406173512
406344903
406630902
406725594
406747255
407157232
407172123
407247186
407528951
407768445
408142174
408358013
408447420
408455852
409076170
409101964
409222062
409285339
409296467
409489639
409567911
409638739
410037572
410405389
410418157
410645841
410689993
410780011
410816742
410832866
410857660
411425812
411545992
411643935
411694074
411969781
412303142
412434456
412596296
412849246
412891176
413352840
413415056
413785309
414000962
414631230
414943872
415282783
415769070
415847867
415918839
415962639
416020179
417021410
417118933
417361344
417464195
418035181
418278860
418698213
419169494
419248508
419301741
419371051
419694914
419858696
420270523
420346593
420369533
420525696
420865153
421256260
421877649
422724434
423310641
423784000
424284395
424447722
424503821
424774601
424864501
424867472
424922237
425020421
425068878
425211047
425213100
425389765
425481052
425632828
426541967
426803959
427115814
427217594
427398835
427727623
428071698
429101363
429529760
429955904
430504671
430798453
431039119
431408227
431699808
432058439
432184588
432384802
432572242
432615559
432980154
433607562
433998698
434006927
434075529
434160894
434197204
434315595
434559072
434647551
434674730
434705465
435221868
435445791
435832342
435919972
436060723
436257525
436875717
437887489
437966621
438047758
438205316
438315983
438508518
439206451
439354767
439758513
440470031
440912852
441052279
441335343
441563384
441969654
442755705
442882150
443344109
443689335
444054426
444185594
444440965
444660121
444779160
445510021
446125310
446144011
446207256
446220736
446647227
446992981
447056703
447059548
447467811
447590716
448000131
448523457
448662624
448687391
448843182
449959057
450084437
450093517
450404290
450493984
450564153
450648603
450692472
450844924
450922555
452848241
453027548
453030922
453115265
453566592
453647138
453648857
454048489
454290277
454381985
454487827
455037906
455179931
455233019
455302585
455479154
455578790
455926054
456395215
456555407
456612221
456812412
456937733
457095597
457316548
458027824
458229412
459196427
459501918
459778326
459812030
460091617
461291116
461764012
461989509
462139658
462501865
462642324
462942712
462947087
462996989
463232799
463587552
463774358
463947781
464335787
464774121
465117080
465148272
465346911
465685736
465883919
466226479
466528511
466764130
466800002
466918209
467255847
467517924
467795845
467825032
467872200
468099225
468357817
468776784
468779041
468982943
469091284
469314824
469442798
469676651
470448992
470677457
471008384
471033106
471057623
471072965
471120019
471341745
471364368
471457500
471530515
471626067
472512684
472719026
472900085
472975019
473182194
473665078
473993796
474312970
474329955
474625161
474665246
474706584
474934994
475213607
475446683
475524409
475872019
476033708
476079035
476286464
477303380
478203120
478235987
478495956
478692869
478903122
478925089
479838101
479985397
481508250
481518202
481814161
481907193
481961636
482396816
482586408
483253123
483294157
483328809
484699421
485099288
485144444
485171878
485417821
485427882
485737127
485744342
485928689
487003459
487071643
487390469
487674525
487850250
487888214
488077081
488296072
488303455
488568026
489066740
489185987
489579682
489796763
490327643
490612122
490961255
491442606
492259749
492451775
492983922
493180380
493320439
493629249
493742680
493837355
494254229
494378052
494393339
494406875
494427045
495051835
495117165
495330077
495546306
496448465
496800736
497187590
498121088
498158143
498272228
498495497
498891500
499434406
499469255
499771577
499988142
500074727
500437612
500456002
501252198
501273445
501487804
501704802
502253744
502520771
502672612
502891047
502939888
503051705
503228673
503424302
503529244
503699792
503962561
504247481
504735216
504799777
504827914
504985999
505180745
505540409
505628289
505874205
506039193
506390818
506679709
507080233
507194260
507352278
507434646
507500549
507592934
507762372
508470250
508561581
509318391
509681620
509902478
510007881
510029362
510630925
510757407
510783226
512795245
512872246
512888879
513197538
513356199
514513514
515333956
515390879
515760604
515881255
516192770
516344812
516646151
516703733
516898848
517368156
517830619
517918297
517999461
518069055
518208098
518676369
519011168
519022386
519172188
519848985
520202690
520241043
520246679
520307145
520719276
520768136
520777664
521144140
521170711
521622931
521851241
521854263
521907117
522275217
522322015
523161717
523670454
523766031
523819287
523831192
524074433
524177349
524467370
524624305
524916433
525137808
525432908
525727662
526280522
526293830
526340758
526609580
526816305
526839803
527307075
527385495
527418046
527480143
528465537
529361275
529479282
529520320
529567957
529671961
529720860
529801370
529973497
530200724
530613931
530664535
530704653
530845003
531287032
531527605
531623562
531682586
531718517
532321236
532390600
532744355
532787984
533052866
533126621
533312000
533539808
534127842
535339102
535432826
535464019
535999229
536366539
536484235
536730190
536775530
537086845
537309704
537946670
538120566
538211102
539224102
539382440
539520888
540503710
541247790
541447145
542368572
542442916
542685819
542949137
542957529
543129732
543202220
543205615
543420970
543740010
544035583
544220994
545018118
545034059
545186408
545266956
545422391
545820457
545877377
546726948
547611188
548110786
548120395
549378907
549497095
549698453
549878314
549962691
550134870
550174817
550241598
551089921
551173335
551713857
552138417
552747905
552950886
552955263
553175237
553320668
553925587
554254650
554305768
554411004
554429159
554431886
554701932
554978025
555102418
555168815
555443967
555719166
555730384
555788769
556270054
556697212
557092795
557150944
557380897
557465679
557512755
558352505
558353660
558400812
558489534
558671121
558806925
558941451
559364505
559722651
559733237
560348916
560532116
560619785
560911974
561078562
561194927
561263914
561276046
561725597
561913031
561996956
562019670
562221892
562477073
562677704
562686587
562875409
563365367
563604635
563812649
563930787
564100215
564535300
565003905
565118616
565139426
565226774
565597800
565666753
566057401
566103342
566383363
566482273
566497350
566688629
566815151
566826244
566858828
566926353
567033555
567153791
567242711
567432245
567506329
567790721
568382615
568424264
568951983
569456264
569775617
569915746
570045012
570690645
571088940
572320183
572682211
572699471
572748678
572822636
572935497
573331649
573492093
573883022
573976990
574054657
574231850
574267328
574279655
574535907
575089164
575180747
576304119
576421207
576971005
577599657
578066992
578469168
578770801
579160741
579281745
579392047
579520174
579528258
579769321
579856302
580007242
580223585
580229137
580359612
580920167
581007260
581053582
581170546
581214757
582013064
582153913
582173212
582318655
582505367
582612003
582771655
583064415
583093952
583274339
583298543
583356216
583473816
583646380
583818088
583862488
583871383
584703006
585395006
585406207
585499207
585840389
586984654
587053139
587544401
587888948
588053895
588262684
588297313
588338166
588658134
589497240
589574685
590280244
590321591
590475193
590659733
590835861
590883849
590970618
591509337
591694155
591803286
592001369
592199041
592483902
592920799
592939448
593057886
593072591
593651366
593855735
593916321
594898850
594920341
595258623
595331779
595692902
595719652
595727959
596049740
596200096
596375789
597212775
597488512
597699898
598099160
598162912
598562557
598801026
599217509
599401532
599572689
599700850
600145162
600455810
600588414
600719656
600925996
601564524
601641989
601725945
601852740
601885365
602313198
602517699
602712518
603059948
603579940
604745597
604764189
605121710
605162331
605227806
605332569
606190344
606357569
606517399
606684436
606828021
606843525
607173073
607345863
607427935
607492625
607522696
607549251
607630441
607732215
607733252
607741126
608197297
608572014
608641980
608845157
608958749
609790660
609814629
610215773
610352546
610491870
610730572
610839155
611048160
611229465
611237507
611316835
612013530
612125907
612281971
612539941
613417625
613610335
613747037
613921398
614485758
614627396
614863972
614881614
614892165
615108323
615444685
615504268
615545229
615687570
615821082
616117311
616143112
616393935
616645744
617260080
617275072
617742557
618614790
618834819
618887023
618952777
619270734
619382414
619466041
619511933
619536327
619562704
619607118
619715647
619793710
620126814
620166367
620340164
620949142
621161661
621293416
621465633
621772166
621867237
622042204
622343563
622426085
622622033
622732498
623166717
623489191
623501172
623697593
624309956
624324513
624358557
624793441
624883672
624936280
625398591
625604821
625733901
625764309
625768963
625908986
625911277
626101390
626155386
626219734
626419503
627176953
627199351
627305823
627333358
627484198
628097964
628119103
628417474
628649270
628658781
628785247
629054636
629664395
630134991
630174191
630900483
631049906
631170506
631184467
631242604
631455707
631515990
632122380
632387147
632906779
633113406
633400734
633982840
634646309
635653561
635675568
635903600
636371630
636431471
637049781
637158156
637656183
637748204
637800188
638061808
638483954
638541465
638607846
638806831
639069745
639339841
639350429
639353985
639884545
639961408
640184104
640219161
640285785
640396149
641104589
641427380
641519171
642290471
642410260
642442861
642454068
642502449
642999486
643126968
643585670
644154541
644355275
644466766
644739285
645382846
645911868
647278628
647629290
647857043
648205383
648368285
648390010
648557691
648741560
648858970
649259269
649471060
649512851
649774084
649964124
650142401
650344588
650600980
651248767
651486693
651626667
652589887
652806946
653400088
653918061
654476531
654545433
654738521
655207891
655374597
655456390
656031098
656714525
656992341
657043658
657123581
657236086
657289628
657433089
657631420
657734269
657815305
657878692
657953511
658016536
658067606
658432753
658623122
658695882
658902492
659195241
659518225
659656191
659723345
659872565
659934250
659999186
660299150
660455921
661187186
661885256
661898332
662036478
662067981
662072776
662238549
662485122
662988494
663032308
663505313
663630608
663791932
663828310
663862446
663888427
664053361
664135495
664407236
664614599
664645946
665358194
665476962
665641003
665909589
666702344
666778834
666875024
667808331
668504357
668540747
668930592
669129947
669559384
669775330
670674195
670694142
670869794
670935858
671369052
671432836
672323821
672411289
672562625
672566513
673084781
673093199
673828992
674943434
675362739
675400907
675503031
675684300
675827590
675882132
676296775
676982867
677091518
677371711
677768511
678157715
678297810
678878352
678889622
679064316
679323416
679382758
679774457
679818600
679905949
679910120
680296067
680456457
680630696
680668314
680804319
681003913
681017985
681280978
681598565
681741120
681758548
681824161
682025295
682303449
682370042
682671754
683422140
684245097
684304387
684629556
684664216
684964954
685057255
685451331
685616657
685712405
686421902
686494083
686528228
687208519
687402420
688332579
688491439
688742774
688782276
688859821
689395831
689527628
689587457
690769992
690976309
691014997
691474211
692464691
692619686
692620232
692806155
692981501
693107907
693481019
693656492
693804403
693882870
693948005
694235343
694253262
694329670
694469251
695445738
695452720
695605575
695614416
695730966
695926618
695944902
696345088
696683795
696956596
697153109
698006164
698828507
698958275
699044035
699095611
699382748
699520686
699589347
699865631
699897842
700066511
700747001
701218925
701292528
701363778
701950703
701986105
702388360
702693970
703303051
704185087
704282705
705102301
705402012
705717538
705911145
706627685
706759343
706798901
706812362
707476312
708600583
708764382
709206565
709593361
709645917
709916933
710749894
710830137
711237578
711827500
711873096
711944452
711971610
712237597
712691305
712694045
713060306
713098360
713673987
713902555
714046488
714085087
714096333
714474285
714736139
715031750
715080287
716375205
716498596
716923159
717262983
717540226
717847293
718105478
718464408
718700903
718788890
718989965
719659179
719938713
720351607
720566452
720657245
720789364
721125266
721447318
721685001
721688920
722490214
722785783
722883358
723017611
723098397
723225580
723298624
723316243
723352750
723397702
723524014
723851243
723955292
724294868
724638117
724653363
725662757
725932043
726170241
726177804
726254740
726527440
727129494
727456392
727628377
727671929
727744186
727835951
727918815
728131554
728203875
728989948
729221937
729625397
729683622
730158291
730274813
730319699
730337585
730546611
730554960
730595121
730825977
731102538
731808592
732158536
732505304
732948396
733557382
734072013
734251619
734456368
734824079
735109676
735594445
735831446
735909842
736882043
737759010
738026536
738212338
738318596
738726651
739106694
739231885
739675537
740118671
740533883
741146656
741357612
741373492
741905115
742446702
742559864
742596471
742703626
743168990
743326996
743464115
743535574
743644212
743656399
743837236
744769244
744981779
745185386
745228472
745885427
747148487
747588472
747684559
748269307
749072505
750386091
750848121
750881516
751048894
751085836
751418730
751536590
751538103
751564108
752065966
752185063
752496361
753216218
753296475
753600947
754005532
754424958
754436803
754445976
755150979
755308151
755658673
755759144
755886952
755961743
756200931
756219205
756470541
756696315
756932484
757036004
757545128
757702236
757819310
758431554
758473441
759035079
759051772
759507427
759553422
759912812
759999804
760108727
760310508
760669399
761218653
761326528
761572420
761663351
761778959
761919972
761984793
762608961
762812333
762901491
763230810
763297200
763396011
763420915
763489512
763586710
763995006
764070248
764317446
764342761
764751470
765036896
765134417
765969312
766083347
766472673
767193666
768157769
768219346
768265427
769102770
769580177
769827895
769847331
770014448
770379353
770473365
771601461
771702987
771869447
772112095
772167748
772341074
772383158
772422392
772474511
772642353
773090832
773161694
773442037
773750335
773900765
774181836
774397514
774404264
775243897
775533379
776062646
776254185
776483909
776616536
777824964
777883782
777895847
778147004
778608897
778651403
778709806
778909837
779075951
779228558
779528924
779864828
779941554
780071257
780174750
780557196
780771349
781176851
781681389
781819993
782001281
782123323
782225969
782403632
782665037
783265796
783324884
784133508
784238134
784574044
784731163
785091605
785132432
785270325
785374161
785607066
785964828
786093584
786152524
786378356
786445164
786540455
786914088
787164081
787701754
787978663
788123422
788559035
788612267
788862678
788951555
789012988
789247662
789749829
790175538
790195984
790236255
790406352
790641792
790964095
791308608
791624995
792106327
792411085
792704960
792909452
793098044
793582073
793776433
793937168
794017146
794338566
794593420
794656642
794745856
795080885
795119500
795180329
795407622
795516536
795642275
795658164
795888893
796101860
796123526
796268970
796629121
796820586
796922078
796955315
797083595
797303765
797422878
797595759
797644885
797906034
798196623
798214587
798223526
798873519
799070764
799185860
799250677
800112344
800163903
800184489
800270279
800458485
801251509
801539313
801576202
802070861
802854890
803440517
803472076
803481688
803494265
803976402
804543450
804642202
804739975
805484497
805513659
805705680
805787264
805992672
806451962
806584506
806788114
807294247
808057237
808504559
808805800
808847923
809500811
809554072
809641231
809913487
810214478
810316667
810593058
810743534
810857825
811567182
812725284
812967280
813678321
813709896
813902074
814150969
814401460
814501240
814575962
814804409
815981827
816153589
816558625
816687543
816786001
816992389
817031840
817970267
818050131
818079883
818085321
818361268
818714529
818872479
818981240
818985452
819424876
820331743
820847428
821376234
821391975
821522657
822033232
822079249
822152643
822229946
822278492
822312312
822467657
823169021
823204551
823460580
823526345
823543386
823714814
823772824
823853292
824106832
824142932
824275073
824961359
825357764
825585497
825679304
825688172
825700581
825743613
826543651
826936410
827035065
827037837
827188980
827278990
828225164
829247830
829656113
830811915
831763713
832209668
832346674
832385669
832483969
832558960
832778559
833003613
833116428
833357475
833495336
834054574
834149418
834761394
834923813
835086267
835176047
835308878
835571781
835599477
835998674
836054788
837156535
837632669
837678387
837914359
837926496
838066186
839283467
839547325
839552673
839827225
840537265
840902351
841369848
841543075
841914234
841919164
842445445
842543291
843090264
843634197
843903290
844270554
844537352
844585052
844764069
845720294
846300243
846338285
846605106
846695495
847208219
847778429
848050477
848064988
848117648
848204065
848231300
848587403
848775882
849284959
849880813
849881737
850561953
850772046
851276078
851347000
851434497
851583128
852164432
852908566
853194738
853552784
854310315
854348238
854968882
855448750
855753509
855753716
855939995
856143546
856214330
856755672
856953606
857310063
858126140
858264909
859006616
859092227
859757093
860181426
860194645
861046649
861169614
861654029
861761660
861844486
861924367
862258238
862259817
862287911
862329868
862625270
862946387
863421480
863481700
863654066
863710272
864273119
864408680
864472973
865056874
865410060
865761184
866108384
866399402
866459956
866513248
866618161
866639549
867883598
867984332
868085526
868736217
870127128
870314042
870446274
870923516
871005734
871021981
871086799
871222766
871333042
871512753
871894293
872438846
872477683
872711016
872796212
873138143
873327206
873513635
874021487
874058898
874200429
874401291
874512963
874869813
874953732
875014740
875915822
876233261
876305131
876376947
876389188
876460767
877184442
877582405
877750140
878078280
879074235
880082404
880492361
880912416
881061974
881574004
881648966
881854074
882006144
882066223
882101215
882453570
882598956
882911460
883105262
883358320
883703833
883768864
884515752
886274085
886407091
886589017
887122719
887190841
887590404
887750123
888000854
888026924
888384660
888506915
888573063
888796633
889562872
889566493
889707592
890000461
890197675
890435797
890811683
890957014
891024144
891096421
891247687
891418076
891430980
891798177
891933324
892110888
892546948
892661670
892930984
892991021
893534682
893592692
894231279
894330874
894388545
894420651
894437556
894670142
894721436
894856819
894906921
894925460
895253507
895678951
895828092
896025682
896052436
896303572
896305933
896470004
896641446
896666811
897114696
897530492
898800545
898908205
899092195
899647491
899834301
899927681
900218005
900238912
900550470
900619127
900655301
901313640
901410033
901818083
901979674
902171076
902416021
903254421
903411082
903659341
904253526
905096958
905456461
905551791
905895115
906055204
906139736
906522011
906613470
906993506
907035861
907249121
907845583
908013144
908164944
908206892
908462901
908477410
908722075
908823428
909035868
909379508
909483718
909841343
909978538
909979816
910706769
910726540
911200105
912241882
912365512
913151078
913190962
914133441
914397206
914695370
914846563
914884670
915706924
915829627
915889158
916663857
916872323
917465556
917688538
917976473
918047886
918148381
918333092
918457349
919359206
919381045
919469783
919511589
920460382
920686023
920696909
920822934
921337913
921478615
921486684
921577437
922345336
922384069
922452462
922484279
922855945
923030782
923390183
923415711
923866903
923921833
924080001
924255156
924913760
926210124
926274779
926497226
926775460
927240674
928317954
928343976
928709784
928963341
929133601
929299087
929454523
930049090
930224022
930377863
931015084
931458985
931589772
931637040
931871060
932360851
932372944
932753906
932935334
934003741
934638705
934816159
934829500
935486005
935911805
936113894
936296590
936494749
936564221
936815525
936827459
937082168
937153807
937732528
937898045
937995889
938018467
938127831
938436614
938504810
938923069
939009671
939036971
939077288
939147972
939475332
939824760
940360916
940460103
940706745
940890952
941166154
941324174
941603623
941625015
941835200
942410376
942587977
943080325
943165692
943317090
944269176
944296676
944892930
945093875
945296754
945424012
945556541
946078667
946386562
947150399
947182051
947492864
947559710
947582983
947685664
947779110
948032514
948349021
948378834
948385822
948616476
948627591
948930453
949333282
949443628
949582142
950730561
950773212
950857581
951008616
951700061
951711414
951925813
951973021
952118347
952131055
952488503
952888084
953022946
953225828
953237397
953517825
953686027
954629645
955556240
955642499
955899684
956445075
956514514
956894911
957507035
957560207
958311917
958470506
958498066
958887903
959741275
959847091
959859004
960004294
960267347
960504717
961050977
961158141
961398011
961524540
961925358
961939880
962051351
962182762
962197645
962275323
962472325
962639436
963000686
963156174
963428318
963547291
963923035
964053600
964066143
964103766
964420351
964947732
965134962
965968012
966036202
966491489
966645947
966835844
966962108
967065166
967144076
967196989
967516595
967984032
969215841
969899652
969940941
970050409
970052659
970316263
970322473
970468822
970944258
971009769
971043568
971126637
971189218
972314970
972340108
972559366
972763916
973436261
973557587
975045573
975413942
975502826
975507374
975576316
975641158
976179264
976213740
976225371
976241861
976279557
976510624
976797765
977133451
977466499
977482012
977594663
977970901
978163932
978222889
978333298
978447047
978718529
978922048
979032758
979045037
979200421
979378565
979491278
979942249
980026590
980061246
980195409
980362685
980741576
981365789
982010803
982382420
983247097
983410571
983580531
983603960
983923625
984152196
984392349
985787894
985792475
985808561
985915117
986127018
986274910
986505688
986536116
986548189
986687248
986818136
987910276
988095413
988115277
988375070
988555436
988937507
989137180
990136311
990510785
990752621
991263824
991482804
991750547
992070869
992099420
992388515
992663912
992664474
993997463
994115183
994990342
995159230
995258248
995795384
995927865
996067427
996737077
997287470
998024233
998362683
998497420
998588035
998777873
998796981
999097325
999216386
999455936
999523484
999657567
1000317153
1000913911
1001038683
1001232672
1001504306
1001786756
1002153457
1002765758
1002777520
1002806026
1002968633
1003689301
1004296620
1004332760
1004499898
1004719581
1005690996
1006314532
1006469269
1006545764
1006648463
1006967314
1007049756
1007066082
1007453751
1007474893
1007574124
1008005453
1008539437
1008587772
1008953994
1008986189
1009502518
1009611491
1009755393
1009794689
1009950027
1010001415
1010758726
1010791609
1011129215
1011185794
1011360070
1011492067
1012038595
1012071603
1012121879
1012300876
1012318781
1012383045
1012526317
1013057093
1013323341
1013428394
1014281163
1014625546
1014784575
1014842639
1014858795
1014986498
1014995661
1015026345
1015636549
1015708095
1015996387
1016088374
1016205980
1016278059
1016653618
1016852841
1017354231
1018453701
1018567636
1018833817
1019267788
1019924177
1020334848
1020878285
1020935832
1021302299
1021428583
1021614151
1021900919
1022216147
1022288179
1022351200
1022392469
1022732184
1023134217
1023247282
1023532366
1023937363
1024006804
1024011946
1024029500
1025173178
1025774450
1026165854
1026315648
1026439339
1027329993
1027713634
1027739491
1027883282
1028747051
1028916234
1028960921
1029002551
1029103137
1029202947
1029203895
1029234673
1029350698
1029546191
1030029047
1030340101
1030732946
1030996935
1031065270
1031420529
1031778324
1031780648
1032022043
1032378585
1032453543
1032476823
1032614125
1032649019
1032667698
1033101125
1033222720
1033269546
1033281462
1033504294
1033647690
1033784385
1034012032
1034432615
1034563257
1035361669
1035462604
1035813256
1036098102
1036188594
1036284572
1036466403
1036649972
1036656276
1037389737
1037892783
1038045144
1038139012
1038175365
1038259032
1038828074
1039117653
1039593267
1039710081
1039758974
1040217612
1041010480
1041283700
1042252431
1042296887
1042503666
1043128238
1043328325
1043342182
1043520805
1043941525
1044015238
1044023983
1044241727
1044684951
1045432114
1045469379
1045791447
1046131145
1046245076
1046544395
1046979271
1047116002
1047191670
1047223271
1047278130
1047536639
1047542794
1048112884
1048172981
1049282750
1049407092
1049558670
1049724447
1050147544
1050519577
1050852587
1051475223
1052279031
1052290201
1052460903
1052497600
1053433466
1054235460
1054341400
1054385589
1054464396
1054515939
1055462740
1055527047
1055639035
1055804134
1056175380
1056204313
1056407385
1056992611
1057647538
1057699706
1058229869
1058412890
1058854332
1059019328
1059066063
1059714455
1060108186
1060358187
1060713068
1060733355
1060870970
1061026400
1061109089
1061118709
1061656116
1061676715
1061706950
1061888735
1062162137
1062589701
1062857871
1063263140
1063530187
1063588458
1063806749
1063965454
1064187358
1064202457
1064214921
1064238032
1064288791
1064507047
1064982703
1065216078
1065222948
1065332898
1065392838
1065834140
1066377927
1066506358
1067037241
1067062317
1067148289
1067211004
1067353918
1067576413
1068023687
1068168508
1068365879
1068375606
1068462109
1068736352
1068910636
1069251386
1069402392
1069893156
1070070346
1070730241
1070739100
1071424553
1071715743
1071836290
1071859024
1071895169
1072051957
1072562121
1072605194
1072929891
1073653108
1073737962
1073865901
1074100186
1074133712
1075161303
1075169568
1075345786
1075478590
1075632049
1075778080
1076264540
1076351788
1076677295
1076878721
1078163557
1078675801
1079676626
1079721367
1079866630
1080050492
1080089028
1080134152
1080156330
1080610337
1080732641
1080904952
1081001015
1081196969
1081943940
1081988531
1082113754
1082228198
1082946842
1083249832
1083663526
1084039252
1084082133
1084458791
1084508883
1084557625
1085007940
1085333804
1085611093
1085701917
1085764182
1085818944
1085938808
1086128749
1086165073
1086328954
1086395885
1086961907
1087121594
1087130480
1087146054
1087472656
1087473414
1087477047
1087581893
1087588846
1087732370
1088564107
1089316657
1090407378
1091128579
1091526885
1091604821
1091668636
1091915558
1092199987
1092409131
1093002086
1093048569
1093138218
1093391796
1093838990
1094191255
1094215769
1094217893
1095163374
1095280190
1095961024
1097131071
1097245061
1097319719
1097516249
1097861166
1098018189
1098040448
1098060095
1098244315
1098400430
1098581319
1098588563
1098626931
1098638878
1099088418
1099217855
1099263635
1099585859
1099716696
1099821527
1100122284
1100433280
1101047366
1101098084
1101107110
1101189443
1101804654
1101818946
1102082402
1103007510
1103015952
1103270334
1103373958
1103495589
1103633103
1103910043
1103932037
1104060329
1104439766
1104470496
1104520632
1105589891
1105915347
1106463793
1106731603
1106841728
1107705155
1107818264
1108037880
1108081275
1108204025
1108373881
1108593744
1108785603
1108962112
1109464500
1109521989
1110095972
1110107293
1110128851
1110732661
1110836613
1110859311
1110867277
1111470172
1111556824
1111602194
1111653124
1111743231
1111781714
1111846020
1111913772
1112091286
1112403230
1113230938
1113292002
1113365966
1113453860
1114528907
1114888933
1114999537
1115547544
1115812145
1115918512
1116021751
1116104128
1116413012
1116430868
1117301889
1117697432
1118088541
1118318481
1118673358
1118894342
1119036669
1119382077
1119448804
1121440978
1121763826
1122159092
1122640887
1123251318
1123500729
1123672003
1123971751
1124304735
1124337904
1124391473
1124913822
1125014776
1125212887
1125637586
1125656742
1125894450
1126781584
1127137455
1127223375
1127629420
1127688227
1128368230
1129228388
1129588082
1129870050
1130027292
1130348744
1130554483
1130763734
1130887409
1131555223
1131775929
1131856132
1132201871
1132235064
1132498030
1132530809
1132569820
1133530034
1133699344
1134420623
1134520255
1134840016
1134958768
1135786449
1135899015
1136084161
1136336463
1136431860
1136564328
1136888558
1136903348
1137039303
1137745782
1137970642
1138913377
1139378136
1139450518
1139495099
1139500093
1139629624
1139851839
1140168575
1140779426
1142440958
1143153972
1143554366
1143770341
1144056468
1144391169
1144614045
1144718699
1144744450
1144982273
1145030880
1145290109
1145848934
1145914862
1146272578
1146919365
1147291639
1147387134
1147481888
1147525729
1147803772
1147990814
1148529194
1148732937
1148867642
1149073454
1149546242
1150010777
1150330333
1150541455
1151119293
1151566197
1151634079
1151892938
1152058681
1152181406
1152477276
1152579404
1152718545
1152803666
1153257646
1153521319
1153609055
1153624964
1153826717
1153923396
1154046043
1154448571
1154673979
1155734084
1156135138
1156245788
1157011770
1157159693
1157533803
1157575095
1157960939
1158194393
1158271725
1158758765
1158868508
1159294539
1159673692
1160110553
1160664265
1160779692
1161578943
1161598618
1161742046
1162010675
1162036981
1162187964
1162589682
1162809326
1163009976
1163230488
1163647259
1163824309
1163873713
1164069443
1164573107
1164912659
1165102619
1165500493
1165694761
1165907892
1166081075
1166223858
1166585335
1166695832
1166765267
1166886073
1167204412
1167233951
1167862604
1167894232
1167951346
1168915129
1169469035
1169496318
1170213172
1170520402
1170642754
1170850312
1170983387
1171285527
1172370384
1172519462
1173124262
1173375430
1173578164
1173610852
1173703981
1173741914
1174188569
1174372747
1174648532
1174748444
1175026233
1175726418
1175981976
1175991671
1176371135
1176396644
1176423012
1176521702
1176703396
1177171909
1177757554
1178181199
1178777372
1179099761
1179559814
1179588826
1180288357
1180417096
1180590264
1181045949
1181509670
1181953886
1182021873
1182045212
1182701841
1183772916
1184196566
1184315609
1184381006
1185023542
1185104551
1185175855
1185287751
1185424654
1185472248
1185596939
1185684055
1185931586
1186000680
1186382538
1187639885
1187727248
1187993804
1188074541
1188799483
1188937165
1189103079
1189348427
1189697172
1189741557
1190699277
1190740840
1190858542
1190880033
1191053475
1191145348
1191412892
1191754209
1191768540
1191872305
1192132752
1193321997
1193366005
1193631403
1193768150
1193784195
1193892422
1194165639
1194330206
1194396358
1194575940
1194778724
1194956086
1195506714
1195841501
1195930714
1195974581
1196098669
1196270301
1196301342
1196588018
1196895685
1197090328
1197556394
1197645707
1198178215
1198213250
1198649513
1198671078
1199020482
1199452145
1199731566
1200156868
1200206646
1200390115
1200618138
1200655044
1201349820
1201894728
1201975291
1202657894
1202816381
1202870137
1203020526
1203416657
1203842888
1203878655
1204073744
1204373828
1205257912
1206044160
1206239454
1206288975
1207209287
1207224891
1207559695
1207610374
1207837359
1207858469
1207878703
1208200550
1208282153
1208364213
1208978340
1209116715
1209192435
1209341418
1209383950
1209494090
1210005722
1210011034
1210411914
1211000149
1211561345
1212034496
1212825714
1213100193
1213267577
1213481731
1213630485
1213837106
1213840924
1213869497
1213873435
1213950910
1214066651
1214196305
1215142431
1215157702
1215284674
1216112349
1216604006
1216987436
1217110031
1217154542
1217207484
1217371802
1218504214
1218680435
1219017406
1219375831
1219825637
1219865519
1220495382
1220659926
1220957115
1221123326
1221242746
1221713497
1222235389
1222776127
1222947311
1222959513
1223561547
1224235107
1224502445
1224658799
1225214245
1225234676
1225249189
1225633877
1225925280
1226222242
1226754534
1226880137
1227191669
1227380487
1227677200
1227868730
1228407465
1228569404
1228641242
1228692312
1228817784
1229324751
1229483019
1229754594
1229894799
1230002848
1230350759
1230763694
1231258790
1231316817
1231655026
1232089110
1232151339
1232404127
1232649194
1233640456
1233710843
1233717651
1235000272
1235516993
1235590445
1235608166
1235907430
1235968137
1236264496
1236348898
1236364654
1236639397
1236706729
1237393699
1237492901
1237781641
1237846051
1238820516
1239131819
1239593131
1239826047
1239950155
1239991001
1240347793
1240422124
1241089219
1241416407
1241570933
1241607196
1241679303
1241900318
1242255573
1242511893
1242736452
1242940331
1243093090
1243271642
1243918816
1244012422
1244393662
1244546087
1244781210
1244963536
1245178170
1245189627
1245549874
1245887304
1246106576
1246703871
1247078782
1247212415
1247488847
1247514624
1247601851
1247999716
1248230676
1248261227
1248797979
1248906180
1249300193
1249480021
1249534136
1249664592
1249807870
1250439268
1250697762
1251222947
1251648058
1251797773
1252073196
1252133858
1252515976
1252799116
1252930664
1253422215
1253791601
1254001742
1254152858
1254256522
1254454000
1254804956
1254841444
1254905989
1254919850
1255425254
1255752845
1255780529
1256097907
1256296487
1256354407
1256706241
1257270819
1257765715
1258054544
1258108139
1258519595
1258644074
1258902293
1259024536
1259685121
1259899442
1259913059
1259926952
1260084757
1260289587
1260303208
1260323628
1260674693
1260954672
1261007049
1261116270
1261228395
1261789972
1262418659
1262687066
1262960618
1262962569
1263188397
1263296011
1263340666
1263353479
1263887465
1264258407
1264484286
1264645418
1265281183
1265617331
1265622538
1266301300
1266603142
1266651162
1266710552
1267108435
1267633937
1268148663
1268377689
1268672331
1268758743
1269463746
1269559023
1269685933
1269891093
1269909510
1270341195
1271617576
1271830477
1271855274
1272271740
1272332447
1272883844
1273046572
1273262637
1273354034
1273656247
1273749101
1273754922
1274080469
1274552824
1274558076
1274816748
1274862593
1275064757
1275164883
1275243224
1275912665
1275926024
1276436908
1276485079
1276542121
1276549066
1276988973
1277006998
1277194982
1277422096
1277600791
1277610139
1277668460
1277765159
1277809365
1277846610
1278750004
1278926794
1279063564
1279164697
1279794673
1280184489
1280295644
1280627200
1280674658
1280846076
1281020623
1281569598
1282296102
1282339288
1282507087
1282873989
1282929803
1282991982
1283174007
1283754926
1283889948
1283926127
1284120511
1284167130
1284354846
1284640988
1284996356
1285495994
1285528288
1285734870
1285777431
1286414694
1286795558
1286908144
1287031952
1287112161
1287655989
1288012291
1288102972
1288349552
1289201575
1289588177
1289891049
1290204311
1290826870
1290868576
1290919692
1291112095
1291722560
1291820169
1291953063
1292647895
1292910146
1293009613
1293447766
1293629761
1293675844
1293771988
1294097505
1294322544
1294452844
1294895378
1295178543
1296035499
1296176215
1296762968
1297070666
1297129039
1297254996
1297285040
1298368026
1299204289
1299499974
1299502893
1299865558
1300241848
1300372364
1300996161
1301248958
1301257575
1301302302
1301686470
1301995315
1302008880
1302032593
1302403147
1302434917
1302614092
1302673513
1302981955
1303300053
1303395037
1303533336
1303536341
1304014888
1304188654
1304471291
1304655923
1304657915
1305140241
1305162257
1305601412
1306516520
1307266539
1307286786
1307298744
1307805801
1307876137
1307980418
1308031567
1309042169
1309750408
1310230988
1310243667
1310370315
1310636565
1310670660
1310782073
1310851216
1310891552
1310986292
1311355821
1311546953
1311766257
1311793927
1311994684
1311995108
1312008849
1312711835
1312786116
1314531913
1314811569
1314880660
1314932083
1315051811
1315190691
1315222443
1315293816
1315492528
1315789670
1315872948
1317149645
1317810673
1317952616
1319170999
1319427485
1319553409
1320035425
1320377545
1320632033
1320665327
1320837344
1320862285
1320999678
1321003733
1321480940
1321580712
1322322910
1322635413
1322819740
1322985152
1323357408
1323462325
1323558289
1323653021
1323699354
1323891979
1324399520
1324735858
1324829969
1325542912
1325659189
1325762012
1325972354
1326028258
1326097751
1326131224
1326540046
1326847589
1327007160
1327054211
1327238398
1327550542
1327553106
1327569025
1327668995
1327830318
1328001255
1328258117
1328276304
1328430075
1328665450
1328761749
1329005157
1329341256
1329473933
1329496292
1329794921
1329997102
1330236687
1330837966
1331583061
1331738162
1332109844
1332245776
1332286281
1332683869
1333490273
1333688869
1334053584
1334959929
1335230491
1335459455
1335510845
1335683476
1335801116
1336271785
1336356163
1336540433
1336720077
1336879133
1336980620
1336991672
1337081307
1337168411
1337193188
1338181258
1338244763
1338510926
1338762801
1339131855
1339951773
1340191560
1340443832
1340874498
1341025057
1341405691
1341563862
1342305458
1342896648
1342949184
1343527930
1343623396
1344392364
1344533990
1344811898
1345862901
1346000931
1346479615
1347013336
1347348410
1347432038
1347598219
1347988690
1348377234
1348494196
1348655882
1348735991
1350503957
1350549909
1350653367
1350700586
1351139037
1351436577
1351657638
1351819469
1352284220
1352656044
1352948513
1353126325
1353300513
1353352048
1353369848
1353439846
1353907711
1354387645
1354508666
1354678882
1354992063
1355466142
1355622078
1355847000
1356742861
1356903669
1356921411
1356935270
1357088046
1357674802
1357764210
1357809531
1358922324
1359383715
1359528151
1360089609
1361015359
1361255232
1361391869
1361413409
1361501566
1361604684
1361695799
1361782394
1361927325
1362981197
1363053884
1363486365
1363615579
1364068473
1364255142
1364435933
1364745294
1364878974
1364884700
1364978455
1365407244
1365878283
1368421614
1368491636
1368806248
1368867782
1369339932
1369369055
1369884569
1369991064
1370048633
1370281000
1370710322
1370865642
1371122972
1371353696
1371863276
1371937268
1372077246
1372315137
1372402597
1372556033
1374070252
1374781647
1374843053
1375019133
1375028115
1375120365
1375472420
1375923836
1376361649
1376974890
1377104827
1378252604
1378884706
1378941786
1378993886
1379184520
1379387449
1379577400
1379617526
1379642525
1380196980
1380586782
1380709300
1380820471
1381321884
1381323851
1381730803
1381801060
1382313425
1382613071
1382690253
1383378643
1383425744
1383502676
1383694023
1383805050
1383916389
1384059026
1384064046
1384267591
1384465759
1384470422
1384526983
1384568857
1384652807
1384788940
1384904590
1385326804
1385610705
1385858173
1386121641
1386269267
1386292058
1386302676
1386447038
1386811153
1387012693
1387355812
1387387257
1387654651
1387736869
1387888781
1388473917
1388557950
1388680118
1389115516
1389702622
1389922267
1390425192
1390573963
1391082192
1391792576
1392055597
1392126974
1392199808
1392568770
1393434936
1393531937
1393880067
1393893651
1394250330
1394692435
1394945997
1395079911
1395252371
1395453679
1395991657
1396501128
1397533733
1397552602
1397573448
1397858089
1398124968
1398183432
1398703880
1398775977
1398879034
1398888470
1399161227
1399428987
1399599820
1399601842
1399707291
1399958444
1400909041
1401262439
1401285384
1401554493
1401631070
1402237846
1402459419
1403119602
1403198246
1403201480
1403369187
1403984557
1404074426
1404288635
1405422596
1405439520
1406797061
1407200874
1407332054
1407353156
1407503670
1407557563
1407731922
1407945666
1408111984
1409203367
1409223532
1409681844
1409755493
1409982494
1410049386
1410356365
1410412337
1410447556
1410479504
1410726557
1411155828
1411465138
1411570932
1411854672
1412678585
1412897055
1413330037
1414231833
1415091732
1416727139
1417177473
1417193693
1417273473
1417375811
1417478110
1417654770
1418475591
1418578408
1418790396
1418997222
1419032101
1419502810
1419515093
1420271020
1421061396
1421578875
1422765478
1422789626
1422811096
1423045440
1423197306
1423199809
1423205333
1423261018
1423711886
1423774520
1423898899
1424236058
1424581882
1424857938
1425076016
1425135879
1425338883
1425535335
1425545677
1426392181
1426455371
1426551797
1426894597
1426897440
1427200337
1427294823
1427411612
1427468285
1428040886
1428611793
1428637570
1428651720
1428697382
1428948975
1429222572
1429483641
1429621081
1429745547
1430523139
1430829365
1430927839
1431558998
1431765751
1431815662
1431953819
1431980353
1431987947
1432059054
1432093633
1432714287
1433599094
1433654211
1433797632
1433936749
1434040736
1434110063
1434345592
1434448921
1434582473
1434817597
1434997582
1435070783
1436004617
1436075851
1436387192
1436667416
1436941199
1437270724
1437419774
1437727936
1437986345
1438063008
1438163968
1438333717
1439130613
1439688146
1439932880
1439970067
1440110606
1440266991
1440349839
1440383033
1440616757
1440979121
1441261555
1441431111
1441488566
1441699436
1442337550
1442376142
1443333290
1443405646
1443502865
1444662380
1444787311
1445345603
1445625005
1445630110
1445668729
1445848748
1446176776
1446565883
1447028062
1447041296
1447379568
1447463755
1447698309
1447809935
1447831808
1447871802
1448216711
1449019410
1449286319
1449304076
1449811749
1450822308
1451029500
1451392566
1452002347
1452079083
1452723427
1453432326
1453492041
1453544554
1454082669
1454099866
1454129391
1454452367
1454559557
1455001084
1455109826
1455179219
1455457734
1455516677
1456056099
1456213662
1456619671
1456667101
1456816546
1456868916
1456883053
1456923171
1457583264
1458000714
1458844544
1458919724
1460410260
1460643694
1461379652
1461953998
1462020876
1462078182
1462142345
1462286337
1462731227
1463173311
1463620281
1464387210
1464748325
1464883040
1465002440
1465027844
1465358339
1465789085
1466338082
1466598527
1466816289
1466902234
1467201356
1467207084
1467652015
1467705304
1467752758
1467789905
1467825511
1467896427
1468545399
1468981650
1469130578
1469156427
1469387714
1470289615
1470501026
1470898598
1470987389
1471211271
1471214022
1471214380
1471956540
1472404899
1472665196
1472682276
1472749439
1473819440
1473933082
1474264818
1474295747
1474771481
1475126613
1475235498
1475323960
1475706103
1475727650
1476057611
1476246384
1476717415
1476728397
1476755625
1476936677
1476971423
1477068624
1477369038
1477620388
1477662916
1477936003
1478111580
1478298252
1478854174
1478986878
1479035719
1480225247
1480287294
1480344718
1480527948
1480621881
1480634003
1480901429
1481261147
1481303800
1481309260
1482020901
1482123452
1482258821
1482548633
1482800624
1483070761
1483115441
1484224547
1484287086
1484460193
1485141954
1485529098
1485556790
1485699207
1486463371
1486596238
1486604513
1486670444
1486839964
1486888186
1487020745
1487671043
1487711090
1487854700
1488087649
1488116815
1489076960
1489209110
1489739224
1489928172
1490067560
1490068765
1491356424
1491437170
1491454468
1491521243
1491995228
1492243304
1492296047
1492469730
1492623650
1493280691
1493310965
1493649313
1493740095
1493790694
1493889434
1493890921
1494109408
1494426753
1494499766
1494890613
1495471571
1495542695
1495684082
1495759938
1496023584
1496203530
1496819032
1497144819
1497841592
1497862632
1497981977
1498466200
1498754196
1499206996
1499297186
1499523453
1499647554
1499675457
1500636550
1500980638
1501594049
1501847939
1501880166
1501952482
1502521574
1502585353
1504133115
1504169945
1504205400
1504448151
1504633881
1506038529
1506083063
1506327857
1506413947
1506783465
1507203622
1507838153
1507971783
1508415492
1508540564
1508552221
1508633030
1508678164
1508710682
1509003767
1509110164
1509394160
1509485163
1510320808
1510644740
1511354741
1511377659
1511603187
1511850426
1511943278
1512180992
1512235327
1512603316
1512944519
1513259386
1513277458
1513383277
1513490373
1513931914
1513973890
1513978790
1514934102
1515155408
1515242699
1515689544
1515717176
1515761586
1516288300
1516313415
1516655124
1516839487
1517065941
1517247016
1517455264
1517795803
1517801720
1518057595
1518760637
1518786025
1519534158
1519739268
1519784927
1520326954
1520469715
1521382291
1521456301
1521742111
1521818586
1521827661
1521829224
1522259865
1522552473
1522778853
1523424934
1523523519
1523818006
1524174273
1524522684
1525102039
1525283031
1525484163
1526370069
1526896021
1527024930
1527226759
1527360622
1527467726
1527506389
1527510276
1528091398
1528258226
1528609018
1529276223
1529634020
1529793473
1529865456
1529910349
1530091754
1530240599
1530293330
1530515430
1530794227
1530947960
1531286381
1531340155
1531720702
1532233120
1532454555
1533044255
1533401733
1533666576
1534554944
1534707497
1535034199
1535130611
1535197123
1535427930
1535841830
1536799137
1536970973
1537428900
1537546487
1537729266
1537900951
1538227355
1538259734
1538456969
1539129148
1539807848
1539947872
1539953439
1540045676
1540279940
1540356267
1540626547
1541015136
1541559627
1541721815
1541981025
1542069427
1542159960
1542284209
1542667062
1542757732
1543286850
1543374542
1543376030
1543801605
1543896332
1544054268
1544151579
1544210088
1544684901
1545023163
1545035631
1545340597
1545351077
1545408391
1545502235
1545619967
1546313935
1547036770
1547554978
1547781930
1548107927
1548181405
1548985248
1549035383
1549408745
1549513517
1549732289
1550162891
1550404594
1550717414
1550806092
1551710238
1552139805
1552182900
1552637411
1552943217
1553110775
1553875109
1554765677
1554910602
1554978022
1554979763
1555429997
1555642536
1556077263
1556170026
1556216232
1556647805
1556758424
1557253855
1557865036
1557986974
1558063928
1558075534
1558198344
1558573253
1558706972
1559415297
1559722909
1559790293
1559956993
1560245922
1560289723
1560540893
1560625050
1560631609
1560716992
1560728387
1560966290
1561282719
1561438211
1561655788
1562321341
1563067446
1564046616
1564408161
1564847075
1565760449
1565918737
1566029813
1566431704
1566651380
1566847872
1566932723
1566952875
1567284231
1567427723
1568113522
1568350348
1568580643
1569357016
1569794958
1569829897
1570109855
1570239136
1570424980
1570675035
1570735507
1571894211
1571920003
1572154509
1572238111
1572608805
1573286194
1574120231
1574358314
1574527554
1574612067
1574665809
1575634851
1575758203
1575945656
1576447108
1577012075
1578104386
1578470912
1578527867
1579018544
1579127989
1579442757
1579519174
1579776234
1580741209
1580916957
1580934242
1581020837
1581025668
1581415133
1581598791
1581866413
1581930774
1582158557
1582173034
1582209490
1582347817
1582699175
1582736021
1583078436
1583080330
1583514965
1583758852
1584011941
1584482048
1584802140
1584961676
1585484857
1585765403
1586395871
1586653149
1586995067
1587126794
1587520968
1587531846
1588379350
1588405523
1588569525
1588996727
1589116407
1590370725
1591281751
1591411719
1591468590
1591507199
1591783337
1592156410
1592275594
1592525360
1592734966
1593463115
1593608275
1593684081
1593972532
1593978714
1594013624
1594127757
1594399252
1594755703
1594847050
1595468880
1595623191
1595775871
1596031314
1596194434
1596306103
1596365140
1596527272
1596581348
1596858792
1597308967
1597755105
1597916731
1598031112
1598126687
1598419746
1598509071
1599031046
1599182259
1599257451
1599303500
1599382549
1599492892
1599661639
1599801386
1600098179
1600376230
1600382250
1600389131
1601972807
1602354122
1602456277
1602605484
1602751154
1602820412
1602916518
1602969425
1603400917
1604487738
1604532130
1604550742
1604894704
1605509432
1605670695
1605788500
1605958518
1605966019
1606015382
1606507725
1606561521
1606640332
1606728145
1606839136
1607160249
1607239144
1607310392
1607524809
1607722955
1608212431
1608244591
1608301412
1608441866
1608811468
1609171888
1609589379
1609940590
1610700892
1610709803
1611079725
1611118618
1611119272
1611445555
1611623584
1612138856
1612266859
1612854260
1613023879
1613403579
1613419504
1613727802
1614041755
1614103085
1614448564
1614530712
1615580724
1615680677
1617772256
1617812894
1618481057
1618755770
1618944241
1619032489
1619061553
1619128071
1619201033
1619214375
1619513321
1619620120
1619774707
1619936851
1620151885
1620318460
1620541553
1620701306
1620723370
1620787368
1620945667
1621844470
1622070247
1622152981
1622169690
1622596747
1622632039
1623017379
1623225797
1623731033
1623747656
1623844670
1623891323
1624268933
1624311093
1624554039
1624747767
1624931855
1626367772
1626922886
1627027132
1627233082
1628322424
1628472459
1628691610
1628831177
1628909514
1628941049
1629250486
1629261664
1629925259
1630348817
1630551370
1630923962
1631034831
1631223355
1631594636
1631840797
1631984014
1632466375
1632475292
1633031218
1633934614
1634090249
1634401515
1634465546
1634504526
1634576033
1634803653
1634860918
1634900144
1635771031
1635803411
1635919869
1636181234
1636424642
1637541263
1637606964
1637779459
1637850015
1638156454
1638352789
1639154826
1639223374
1639287849
1639814282
1640545591
1640605505
1640919245
1641046239
1641094389
1641736189
1642401669
1642456926
1642485602
1642811555
1643040417
1643253438
1643645706
1644220820
1644330347
1644423989
1644646582
1644666749
1644735600
1645764139
1646170578
1646765794
1646900264
1646975286
1647094492
1647837371
1648266428
1648371521
1649015357
1649025600
1649433184
1649530959
1650162750
1650264972
1650931474
1651445350
1651542787
1651934154
1651977723
1652350874
1652623219
1652800615
1652815478
1652950872
1653105089
1653132027
1654806655
1655112524
1655290470
1655367945
1655416968
1655907174
1655987679
1656137241
1656374462
1656426810
1656652466
1656776677
1657067612
1657084807
1657250712
1657387427
1657791438
1657968524
1658460394
1658581442
1658784756
1658986523
1659135262
1659444433
1659453153
1659563663
1659717870
1659936862
1660332688
1660626137
1660733205
1661281546
1661375897
1661430309
1661657160
1661721006
1662041044
1662121361
1662628336
1662655058
1662976760
1663519828
1664039798
1664764467
1664833880
1665018296
1665183983
1665431207
1665956508
1666308527
1666343353
1666522454
1666767509
1666801559
1667187204
1667218912
1667885208
1668158179
1668250304
1668428856
1668488382
1668594328
1669453371
1669616383
1669751193
1670246087
1670456447
1670511312
1670875403
1671417937
1671446513
1671682477
1672208840
1672698909
1672842419
1673322390
1673529439
1673533173
1673577154
1673604340
1673608198
1673897631
1674676820
1674745764
1674819647
1675503503
1675760085
1676006794
1676210141
1676547429
1676678831
1676834413
1676892922
1677447709
1678656534
1678764811
1678788884
1678807361
1679932676
1680215463
1680731643
1680981100
1681241900
1681626169
1681735272
1681952960
1682006740
1682032803
1682132389
1682522850
1682666837
1682765744
1682995018
1683512930
1683783851
1684215107
1684536303
1684595471
1684740423
1684750762
1684826174
1684958443
1685789522
1685864350
1685911917
1685921973
1686038705
1686117246
1686685556
1686719654
1687407837
1687441330
1687807618
1688632495
1688638618
1688706929
1688788221
1688889708
1688956343
1689671002
1690100787
1690423021
1690432334
1690691721
1690988730
1691516851
1691733091
1692324947
1692504805
1692516303
1692666974
1693159991
1693182761
1693524466
1693532450
1693550005
1693574806
1693614220
1693681335
1694313941
1694359775
1694367671
1695143890
1695913305
1696179165
1696245745
1696640837
1696958285
1697246386
1697323987
1697377669
1697624547
1698010232
1698126700
1698800145
1699637843
1700110027
1700233739
1700360001
1700508581
1700539163
1700615090
1700631438
1700866758
1701017253
1701348275
1701797802
1701917960
1702217874
1702313624
1702456871
1703061385
1703630147
1703823597
1703855482
1703891097
1704462155
1704527151
1704650564
1705206111
1705890377
1705965850
1706502811
1706576716
1707075512
1707300824
1707352355
1707428412
1707474335
1707484084
1707523348
1707742967
1707843084
1708173953
1708485199
1708734233
1708821468
1709724788
1709895806
1710074977
1710177366
1710478048
1710485826
1710938003
1710963066
1711958229
1712019563
1712305729
1712646488
1712651030
1712751525
1712759356
1713146334
1713431768
1713557594
1713715326
1713892593
1714584017
1714861944
1715394542
1715453641
1715601890
1715786934
1715844462
1715931374
1716101281
1716608856
1716720369
1716777245
1716798233
1716911313
1717603910
1717772712
1718657097
1718737540
1719173830
1719692144
1720015244
1720480233
1721124059
1721208334
1721941855
1721973026
1722449619
1723395490
1723449210
1723539694
1723717645
1724334218
1724615023
1724738955
1724774194
1725170184
1725207863
1725589610
1725725290
1726052767
1726224168
1726460259
1726520724
1726541941
1726619139
1726705287
1726740710
1727077659
1727198450
1727214628
1727733599
1728011912
1728298516
1728526788
1728961508
1729281203
1729547493
1729615068
1729666298
1729667919
1729679267
1729756036
1730424990
1730511281
1730668816
1730743350
1731022427
1731217821
1732446651
1732461142
1732825909
1733127846
1733796191
1733873057
1734265058
1734326763
1734412078
1734490459
1734852848
1734956148
1735878426
1736802641
1736827339
1737346549
1737908231
1738353186
1738463539
1738912716
1739376456
1739497583
1739786822
1739961694
1740046139
1740410922
1740641791
1740653411
1741154034
1741546047
1742026598
1742133525
1742420535
1742772696
1742844702
1742902078
1742989360
1743029140
1743060884
1743353475
1743415935
1743911672
1744042465
1744387824
1744745455
1745014632
1745793094
1746245014
1746266167
1746510800
1746793667
1746946754
1746995509
1747920200
1748268241
1748337243
1748521442
1748856389
1748863002
1748912330
1748997059
1749261895
1749458755
1749707536
1749860240
1749910139
1750353421
1751171657
1751521471
1751867981
1751998344
1752612308
1752791575
1753293581
1753465545
1754920157
1755086181
1755162728
1755383551
1755717466
1756667148
1756712991
1757096662
1757196006
1757599920
1757687306
1757736234
1757987146
1758017406
1758446572
1758733030
1758764945
1759584902
1759666029
1760240003
1760829062
1761124897
1761771231
1761855854
1762038662
1762057535
1762684705
1762809192
1762824351
1763158642
1763238690
1763456960
1763678970
1763874170
1763992825
1764329452
1764987089
1765017014
1765390181
1765524744
1765608960
1765722986
1765749418
1766070675
1766128920
1766682001
1766932050
1767026340
1767308304
1767389014
1767391298
1767601392
1768540432
1768552125
1768834823
1769397986
1770648913
1770661661
1770788134
1771006371
1771714661
1771822708
1771857477
1772004778
1772129873
1772427242
1772884050
1773210915
1773403823
1773567507
1773587867
1773688810
1773814986
1774835879
1774905699
1775111955
1775254780
1775834514
1775858868
1776091570
1776137789
1776653423
1776735602
1776740694
1777009134
1777149549
1777275241
1777552273
1777724449
1777752771
1778421359
1780238288
1780415155
1780509464
1780815203
1781258818
1781274630
1781557006
1781750537
1781903880
1782339294
1782369010
1782487875
1782587399
1782879959
1782948995
1784054876
1785049797
1785164409
1785335218
1785641521
1786995433
1787570608
1787959120
1787991832
1788140874
1788208417
1788262659
1788434398
1788794197
1789184463
1789289820
1789356094
1789616254
1789849299
1789941465
1789949755
1790136817
1790460371
1791168105
1791379098
1791482201
1791502330
1791572580
1791593396
1791713838
1791979941
1792223809
1792614170
1792673661
1793027187
1793280904
1793479559
1793961358
1794130091
1794557015
1794588584
1794796213
1795104799
1795519685
1795630668
1796231457
1796277637
1796475623
1796665584
1796688070
1797826895
1797875179
1797957957
1798079988
1798107922
1798125628
1798180197
1798291225
1798472078
1798740082
1798928484
1799141201
1799301078
1799392060
1799502189
1799675226
1800140151
1800155362
1800515595
1800559984
1800619415
1800651971
1801059338
1801121925
1801213281
1801465282
1801708947
1801784716
1802168238
1802202240
1802824866
1802911518
1802921918
1803165921
1803433918
1803615761
1804082738
1804843679
1805795091
1805848168
1806025948
1806347278
1806430994
1806534229
1806567873
1806657323
1806661648
1806820195
1806853140
1806867538
1806935139
1807124431
1807661696
1807761801
1807896955
1808167155
1808467603
1808693822
1808723420
1808836343
1809050789
1809100646
1809184128
1809441036
1809611199
1809625480
1810025315
1810037747
1810061378
1810416966
1810435230
1810918417
1811968536
1812227991
1812450653
1812592655
1813666733
1813671694
1814068416
1815155742
1815281916
1815288913
1815365503
1815690721
1815723795
1816043669
1816196079
1816779657
1816911607
1817048694
1817352926
1817527261
1817763002
1818227401
1818257753
1818433007
1818476318
1818503104
1818549435
1818676826
1818736265
1818763995
1818925226
1818951092
1819073948
1819111929
1819117334
1819161876
1819587414
1819626479
1819763085
1819778813
1820097482
1820173719
1820919757
1820988951
1821638987
1821870774
1822251152
1822623475
1822844129
1823187902
1823219442
1823686318
1823729532
1823778525
1824255063
1824288819
1824449618
1824489752
1824619112
1824688488
1825106637
1825197076
1825236027
1825596474
1825634563
1825829897
1826113982
1826463627
1826505052
1826516293
1826657346
1826851867
1827072577
1827249348
1827331104
1827389498
1827462950
1827516063
1827568587
1827808763
1828089130
1828369776
1828903801
1829212839
1829474998
1829502487
1829629116
1829696012
1830181728
1830215666
1830300065
1830633517
1831011850
1831075368
1831265015
1831287303
1831904380
1832076396
1832269371
1832669519
1832694880
1832885092
1835000321
1835089170
1835188492
1835951476
1836352360
1836742565
1836876145
1837633213
1837702521
1837785321
1838334688
1838383998
1839296051
1839399931
1839416233
1839433969
1839646176
1839837504
1840005288
1840197968
1840290042
1840400665
1840421852
1840610322
1840697120
1840773398
1841158090
1841405937
1841441154
1841547238
1841632503
1841845036
1841959122
1842016580
1842019982
1842136530
1842171167
1842242984
1843323882
1843328095
1843528806
1844186409
1844586672
1844593678
1845988920
1846091613
1846694572
1847618529
1847641241
1847971494
1848111992
1848383456
1848423034
1848558184
1848747374
1849354965
1849492646
1849665184
1849773114
1849775865
1850002901
1850449787
1850963104
1851421817
1851447505
1851552652
1851817566
1851962769
1852389430
1852527471
1852634355
1853081141
1853267639
1853355034
1853484325
1854134007
1854171458
1854898339
1854921929
1854932694
1855395515
1855602101
1855767209
1856243905
1856321580
1856485652
1856894966
1857506180
1857906529
1858138535
1858258650
1858278078
1858450144
1858513125
1859033701
1859053387
1859465391
1859882173
1860066161
1860622978
1860935554
1861760581
1862023907
1862123194
1862356871
1862420016
1862647989
1862848186
1862989154
1864053185
1864639773
1865332950
1865533975
1865728499
1865860878
1866027844
1866281504
1866406113
1866576080
1866889128
1867228934
1867786131
1867979675
1868130956
1868469099
1869486553
1869713747
1870226406
1870411553
1870579736
1871198027
1871303204
1871906106
1872118131
1872151521
1872234082
1872427043
1873106232
1873106311
1873120519
1873458895
1873847325
1874009850
1874317038
1874468565
1874719031
1875270528
1875557984
1875801875
1876508619
1876691851
1876811828
1877014724
1877580622
1877598196
1877667555
1877833626
1878041688
1878416419
1878529661
1879226361
1879347140
1879542551
1879638639
1879775391
1879961272
1880094051
1880932834
1880972709
1881026421
1881038279
1882285039
1882980127
1882997941
1883891597
1884144886
1884220060
1884408932
1884506664
1884753888
1885049402
1885156211
1885393760
1885752270
1885988693
1885999434
1886857796
1886972784
1887837490
1888055317
1888090556
1888604945
1888715710
1889177740
1889793888
1889975302
1890040395
1890143837
1890207571
1891241448
1891537093
1892022635
1892038289
1892422873
1892726945
1892849298
1892928737
1893154474
1893205265
1893259010
1893516766
1893664379
1893728128
1894125136
1894464066
1894554185
1894781132
1895092619
1895414711
1895417928
1895441817
1896105418
1896305497
1896426132
1896471684
1896487624
1896544797
1896883601
1896915843
1897130041
1897961938
1898487703
1898513656
1898813357
1898825338
1898868700
1898873609
1898904288
1898944163
1898969213
1899364291
1899403442
1899528626
1899542455
1899860939
1899980774
1900052529
1900092245
1900177541
1900453804
1900521628
1900524957
1900550935
1900865304
1901210000
1901219708
1901425658
1901499174
1902372542
1902648474
1903149444
1903255215
1903959306
1903967795
1904030815
1904058358
1904136994
1904589217
1904875376
1905007714
1905046676
1905700101
1905702064
1905743472
1905746352
1905809034
1905829921
1905910267
1906039484
1906092109
1906221771
1906403606
1906409753
1906446899
1906458108
1906470585
1906472422
1906481404
1906488645
1907290708
1907309669
1907416870
1907527773
1907676880
1907887158
1908008361
1908086442
1908165863
1908294257
1908399396
1908723512
1908964548
1908989974
1909426343
1909695308
1909736112
1909916438
1910386115
1910602456
1910690568
1910737212
1910803745
1911209592
1911319965
1911504680
1911751347
1912207589
1912225283
1912386717
1912869074
1913595405
1913691312
1913793100
1913803824
1914515162
1914871020
1915194337
1915391222
1915599154
1916297740
1916445670
1916476691
1916560845
1916591997
1916636798
1917002340
1917073039
1917108161
1917513965
1917660832
1918769440
1918939951
1919183590
1919365737
1919441230
1919565765
1919594229
1920038366
1920088170
1920188576
1920367847
1920713116
1920850213
1921161144
1921680363
1921821056
1922231862
1922349848
1922679775
1923116702
1923725331
1924279830
1924599692
1925526493
1925545206
1925967718
1925987524
1926018888
1926160681
1926196403
1926460942
1926637999
1926668196
1927064261
1927481414
1927556604
1928125423
1928489579
1928626038
1928742077
1930032024
1930510632
1930731103
1930764168
1931150030
1931441230
1931472898
1931869504
1932040203
1932154372
1932174768
1932414238
1932428202
1932503862
1933004237
1933598772
1933621935
1933720552
1933776229
1933997721
1934092004
1934378628
1934618649
1934683130
1935176282
1935229955
1935414448
1935490073
1935739771
1935988952
1936041461
1936198590
1936365074
1936682675
1936684640
1936915447
1936944195
1937080756
1937207560
1937997165
1938042325
1938065781
1938249117
1938323443
1938353275
1938540533
1938858863
1939150325
1939462153
1939629338
1940627540
1940855937
1940972704
1941190511
1941265386
1941444921
1941475744
1941807523
1941843102
1942205192
1942252978
1942574178
1942583929
1942676737
1942724684
1943594613
1943930390
1944214914
1945070988
1945108596
1945337825
1945411218
1946141197
1946349033
1946432677
1946986397
1947228761
1947313709
1947329320
1947542397
1948153872
1949002048
1949124856
1949257882
1949259438
1949455539
1949621922
1949919692
1950007094
1950144576
1950146014
1950925749
1951128400
1952052051
1952281025
1952760656
1952829784
1952977843
1953057219
1953523999
1954141821
1954188406
1955555032
1955815310
1955965351
1956119755
1956253483
1956697479
1956907791
1957525292
1957623120
1957632898
1957872065
1958001454
1958246981
1958370167
1958421976
1958772799
1959002137
1959241725
1959622860
1959624015
1959802080
1959804160
1959898344
1960514253
1961215667
1961294658
1961369395
1961466704
1961491056
1961782322
1962557053
1962871313
1963493766
1963771809
1963923376
1964004672
1964216160
1964231387
1964945276
1965520339
1965662301
1965857465
1965870657
1966013171
1966119907
1966158580
1966660862
1966854950
1967166137
1968271789
1968513495
1969411706
1969557609
1969744408
1970684658
1971031733
1971188734
1971380283
1971456834
1971498858
1971529733
1971671246
1971853325
1971952455
1972030663
1972266155
1972531268
1972606204
1972858685
1972975400
1973089629
1973727042
1973804625
1974170556
1974301828
1974553634
1975027751
1975445483
1975608631
1976063839
1976159914
1976361621
1976383865
1976390609
1976520477
1976666081
1977506444
1978037502
1978116786
1978510430
1978592873
1978607207
1979145782
1979229843
1980534075
1982022802
1982579436
1982782946
1982953733
1983195400
1983623964
1984613955
1984699009
1985396248
1985454378
1985777433
1986074141
1986190818
1986329383
1986417106
1986445910
1987387028
1987428821
1987454048
1987865919
1988147876
1988164157
1989119718
1989149027
1989885836
1990108813
1990383702
1990837969
1991028884
1991129186
1991487202
1993389192
1993740897
1993821684
1994134652
1994158161
1994652634
1994665493
1994777911
1994948721
1995022583
1995053165
1995681733
1995703091
1995774839
1996274080
1996315917
1996743006
1997479464
1997620760
1997629442
1997733461
1998711067
1998988243
1999733035
1999826561
2000240393
2000318152
2000364972
2000383175
2000659059
2001242247
2001401551
2001461222
2001658523
2001660361
2001865811
2001956791
2002440848
2002865770
2003122799
2003658788
2003774418
2003961984
2003988010
2004038966
2004453419
2004834252
2004888927
2004924585
2005239194
2005576069
2005605309
2005677054
2005799377
2005877720
2006283373
2006957313
2007443840
2007885135
2007986085
2008205757
2008751374
2008835710
2008883525
2009140380
2009881151
2010097269
2011251096
2011762167
2011846812
2012017023
2012199682
2012860160
2012946869
2013233333
2013344794
2013670360
2013699510
2013903828
2014044595
2014444473
2014803448
2016000884
2016674614
2016678340
2016879242
2017102836
2017168578
2017933763
2018518878
2019292188
2019539509
2019976834
2020815188
2020936427
2021067334
2021248654
2021444313
2021779528
2021783961
2021879296
2022264726
2022504430
2022848768
2023267435
2023942652
2024402516
2024613442
2024785729
2024948032
2024956144
2025280754
2025563049
2025950901
2027206710
2027276267
2027685911
2028290502
2028705351
2028985618
2029621973
2030137772
2030281453
2030496783
2030704713
2030944188
2031111857
2031118474
2031361044
2032025416
2032086788
2032377823
2032609855
2032796256
2033812462
2033854652
2034207772
2035228837
2035354555
2035358444
2035548006
2035818941
2035872783
2036185106
2036942078
2037559689
2037596173
2037607519
2037757312
2038156520
2038283389
2038413497
2038690816
2038904225
2039089842
2039141014
2039231352
2039330420
2039547767
2039980245
2040596648
2041037307
2041122583
2041381899
2041586561
2041976763
2042123530
2042174643
2042386414
2042482321
2042620084
2042794780
2043019726
2043194423
2043244158
2043282878
2043584648
2043785979
2043894814
2044362052
2044695795
2045016181
2045102878
2045240275
2045502883
2045566556
2045726932
2046471700
2046784718
2046913112
2047104154
2047834596
2047926341
2048280352
2048497209
2048653156
2048691151
2049085694
2049363999
2049823019
2050093304
2050624073
2050815230
2051149775
2051550788
2052037788
2052189548
2052225822
2052577405
2052714006
2053149699
2053355266
2053505915
2053630210
2054478492
2054508338
2054718555
2055190766
2055392624
2055793792
2055846085
2056290260
2056307062
2056923706
2057179095
2057246440
2057697271
2058111478
2058157273
2058353249
2058658149
2058689974
2059108990
2059143938
2060021089
2060395272
2060699350
2061103984
2061317299
2061522119
2061978845
2062248477
2062385894
2062625297
2062785349
2062816599
2062854398
2062908535
2063024212
2063153087
2063260080
2063370992
2063446804
2063501696
2063820985
2063889461
2064117562
2064169994
2064496335
2064557109
2064864164
2065134782
2065139883
2065173696
2066412070
2066457603
2066874510
2067332314
2067847225
2067871992
2067882170
2067984147
2068068558
2068220776
2068585131
2068970106
2069115497
2069280104
2069464973
2069704294
2070258902
2070396107
2071203034
2071272454
2071459792
2071825999
2071847355
2071990491
2072324317
2072438564
2072553570
2072807144
2072956400
2072972162
2074005844
2074612043
2075093365
2075361027
2075373152
2076336005
2076492882
2076897150
2077160630
2077516109
2078259069
2078316922
2078693891
2078812646
2078957746
2078990241
2079149441
2079572834
2080049878
2080057797
2080243835
2080380602
2080690267
2080818178
2081908377
2082008317
2083028511
2083086594
2083572602
2084305000
2084459374
2084515392
2084584085
2085026458
2085416501
2085482202
2087578718
2087770741
2088376988
2088527469
2088744796
2088752250
2088959422
2089792792
2090067504
2090128101
2090652854
2090891736
2090929114
2091252592
2091518895
2091601881
2091763583
2092088989
2092449954
2092878311
2092934751
2092963780
2093095637
2093269608
2093360128
2093523464
2093657871
2093840635
2094415088
2095042549
2095174645
2095818468
2095962060
2096197247
2096437906
2097032601
2097480327
2097996985
2098118493
2098137571
2098384329
2098586794
2098617227
2098621307
2098684249
2099301286
2099314305
2099578500
2099586047
2099862666
2100113826
2100166387
2100200780
2100528695
2100944062
2100996151
2101007849
2101450653
2102204618
2102212536
2102394167
2102581950
2102668362
2102889662
2103371299
2104156131
2104264971
2104501619
2105017882
2105133947
2105361782
2105398841
2105446911
2105857552
2106178289
2106241600
2106601025
2106856087
2106928948
2107132203
2107148447
2107623286
2108075479
2108215902
2108275915
2108408650
2108605275
2109067087
2109633919
2109679811
2109698615
2109849271
2109870300
2110326203
2110341136
2110446904
2110527515
2110632248
2110901969
2111476980
2111882874
2112324536
2112370197
2112561133
2112663374
2112920324
2113017620
2113619336
2113705946
2114271918
2114759200
2114791930
2114858267
2114880963
2115300851
2115902789
2115933979
2116190939
2116793899
2117277883
2117377141
2117446269
2117720771
2118209993
2118409462
2118575094
2118842544
2119333116
2119390542
2119643031
2119949866
2120231963
2120662222
2120682503
2120801336
2121051823
2121103764
2121219487
2121720559
2122285571
2122894903
2123849594
2123976432
2123990592
2124123415
2124394398
2124953032
2126717173
2127297661
2127920486
2127957321
2128044900
2128266607
2128662114
2128744876
2129103018
2129641369
2129824030
2130006160
2130068203
2130717727
2130804877
2130845351
2131115407
2131284968
2131359650
2131405267
2131529785
2131916808
2132159995
2132713928
2132723792
2132807745
2132995925
2133183827
2133304979
2133340974
2133427895
2133773710
2133867843
2134341220
2134614090
2134880271
2135311060
2135627722
2135703332
2135789764
2136439931
2137143458
2137511624
2137516794
2137840940
2138756963
2139383012
2139400182
2139421549
2139545616
2139636328
2139688832
2139843853
2139844185
2139895558
2140248957
2140542570
2140636270
2140916095
2141082400
2141167253
2141284995
2141356581
2141514122
2141552975
2141600470
2141618160
2141795970
2142047189
2142751751
2142804141
2142935293
2143210474
2143265970
2143434593
2143511797
2143907784
2143928308
2143946338
2143996559
2144136963
2144244232
2144534017
2144693262
2144741486
2145149296
2145178423
2145705091
2145933777
2145937666
2146068491
2146294083
2146350830
2147197044
2147419936
