158817
927002
1536446
1881874
1961356
1989690
2183479
2653933
2800250
2860070
3033854
3083692
3573490
3876576
4052243
4216808
4255594
4626382
4817593
5180918
5330379
5572085
5638697
5911398
6227542
6340470
6350701
6774687
7316545
7583871
7711176
7841843
8475273
8569304
8657983
8664957
8760822
9299253
9627604
9833213
10255191
10260705
10392256
10419478
10542780
10663637
10832326
10857103
11000742
11013843
11312323
11359085
11443806
11749414
11920438
12137523
12443648
12505165
12660958
12913025
13024208
13235061
13617295
13637376
13748467
14060393
14505905
14787862
14796928
14989725
15876422
15888599
16207275
16257584
16824332
16910297
17534958
18172293
18272951
18435957
18631454
18868912
19511552
19579737
20089401
20112739
20605064
20700771
20893149
21811892
21922229
22043389
22839341
23020741
23274267
23796535
23896717
24020512
24193257
24238995
24271493
24450893
24643371
24695455
25038439
25054704
25603199
25677019
25754114
25835726
26638692
26696199
26867453
26892901
26948143
27585437
27813423
28092661
28092800
28282774
28720355
29085557
29241080
29690696
29752510
30219384
30509953
30744154
31075782
31124947
31184795
31497562
31728692
32224046
32302878
32985604
33003029
33562028
33775808
33971325
34391830
34788049
34824463
34886439
34948452
37122938
37993039
38212025
38225099
38516441
38652815
38831298
39031353
39289606
39295893
39387058
39420318
40992258
42339505
42797933
43062937
43099957
43376196
44184477
44284948
45562532
45963867
46297061
46920936
47121779
47597402
47634043
47749346
47969287
48236469
48255269
48275430
48598199
48804617
48875947
49290225
49526634
50220096
50548470
50630765
50785691
51079907
51126242
51259900
51692876
52429124
52444850
52647321
52782307
53162097
53205387
53326445
53329067
53434566
53837454
54069565
54526868
54641026
54713952
54982589
55015944
55122922
56196878
56718290
56736550
56915584
57642024
58020133
58543761
58751402
59199907
59412412
59590250
59611580
60395423
60589070
60805227
60916380
61601830
61636769
61681569
62033852
62711607
62916753
63415280
63568926
63609082
64107528
64165761
64490573
64752369
64759742
65265074
65333078
66108366
66429211
66441138
66781146
67252219
67538896
67556653
67615013
68170882
68836022
69208501
69425015
69491759
69580162
70216971
70715424
70939190
71127311
71174931
71530694
71929587
72219917
72492486
73847532
74301350
74459627
74574326
74805482
74836891
75118020
75346776
75719799
75763820
75848684
76036253
76209719
76346169
76849687
77824212
77930957
78913800
79318045
80010987
80389145
80505194
80613808
80630899
81466615
81468616
81498804
81757108
82168290
83335730
83464066
84166746
84365444
84384484
84479377
84710647
84810716
84944064
85207789
85488407
85514828
85730515
85935193
86171673
86582037
86943878
87608673
87744693
88098052
88155253
88304946
88312038
88543146
88659152
88747642
89223741
89459421
89811837
89846970
90040235
90275825
90486176
90594501
90626420
91199537
91205050
91396626
91701851
91722643
91851171
92112468
92489274
92507907
92650186
93203737
93483178
93504669
93558436
93646968
93699800
93960154
94116070
94162698
94333099
95623393
95941664
96326683
96386834
96448677
96603462
96745839
96753903
97674254
97951426
98213993
98792374
99267561
99343737
99641669
99741412
99773473
99784368
99790771
100764601
100793800
100835278
100921105
101379602
101424160
101910886
102246473
102559359
102586318
102665075
102744904
102969828
103093465
103841671
104460590
104476205
104707004
104724009
105003124
105202259
105229176
105534500
105584048
105620820
106257136
106898579
106986890
107035893
107217226
108166756
108296371
108677394
108698739
108839656
109364636
109487895
110265756
110761254
111850230
111911028
112065810
112172715
112228117
113417876
113420301
113645065
114107223
114156552
114370633
114439891
114584487
115275336
115427905
115553429
115886391
115988682
115997519
116257790
116294866
116514457
116968416
116985907
117221023
117696422
118535590
118710854
118761460
119733528
120014558
120469417
120577052
121092896
121130450
121362950
122184957
122366171
122893560
123190278
123350373
123592560
123911853
124871641
125058053
125338862
125587556
125645868
125868619
126227707
126818926
126980134
127632772
127898040
128088873
128648671
128677389
128830202
128970274
129236460
130166140
130338481
130773619
131457301
131634019
131680729
131683982
132020073
132481228
132511222
132513203
132926027
133251249
133452858
133911971
134695763
134984420
135432871
135549206
135618887
136005393
136069845
136095901
136110589
136735915
136837674
137047977
137083447
137333896
137502753
137519510
137548433
137709163
137982746
138008989
138017399
138740592
138997983
139100361
139204683
139256575
139265190
139304515
139549665
139682330
139701773
139925140
140068823
140314559
140400517
140618972
140641181
140702521
141088612
141345469
141596436
141690962
142095190
142599088
143160928
143709780
143857799
144504090
144540037
144913205
145799944
146526065
147405829
147466274
147850067
147901706
148024324
148445152
148465767
148538553
148553094
149203713
149620570
149705271
149778974
149834901
150085174
150097756
150440098
150622674
150630002
150745345
150789408
150820814
151118458
151596003
151616901
152413414
152515254
152610647
152835497
153157262
153402311
153704328
154443843
154874311
154908791
154938081
155438004
155641950
156483238
156564602
156663184
156786194
157267650
157526498
157772609
158162937
158699611
158927285
159555960
159578195
159588196
159591267
159985803
160327911
160345172
161661107
161675789
161796372
161940635
162285109
162288404
162347389
162409181
162536592
163098052
163117520
163275549
163533437
163599793
163667469
164073817
164705022
164714053
164718907
164739755
165512857
165680166
166020363
166224998
166250404
166316130
166643349
167001527
167250465
167258073
167694668
168030509
168092028
168361073
168579167
169502743
169576346
169812685
170106712
170603041
170722170
170769929
170851380
171066048
171599177
171935022
171968037
172487311
172494333
172517953
172521398
173077305
173321662
173532183
173766235
173770835
173845059
173978538
174308143
174378380
175041757
175066342
175528650
175802975
175906318
175991388
176840770
176853700
176890601
176971299
178072488
178251032
178311839
178509231
179079051
179143676
179288921
179795939
179828262
180056245
180310983
180397503
181417892
182393541
182975989
183045854
183220001
183230589
185113985
185266501
185324045
185402431
185788327
186407767
186697522
186777244
187066043
187677829
187705420
187835374
188294819
188546942
188856013
189016126
189226238
189236547
189331637
189476701
189530811
189995079
190348446
190409443
190578604
191211484
191341527
191394558
191472711
192152439
192752966
192879263
192945757
193280426
193353588
193551829
193556312
194114545
194170003
194252083
194335302
194794748
194827632
195009282
195201544
195240249
195563457
195584123
195606744
195681086
195729823
196076035
196201743
196273600
196447006
197064025
197211182
197479402
197498535
197925987
198009521
198084581
198138780
198188126
198981814
199153164
199827187
199990790
200097456
200669803
200826165
201068304
201085203
201230823
201306664
201352028
201625382
201805621
202119409
202486396
203181249
203195816
203466940
203581606
203634438
203695241
204207755
205093042
205258431
205437680
205692833
205968337
206108611
206205628
206289815
206427537
206633228
206897193
208196543
208207085
208342411
209354091
209616231
209857827
210029137
210417723
210478471
210494914
210655347
210852029
211265797
211295104
211530661
211731458
211800891
211878410
212421184
212795194
212920004
213740566
213873690
213890294
213903970
214543035
214949971
215049077
215151022
215159509
215188941
215271730
215480523
215598278
215650311
215737752
215824088
216307843
216435042
216509043
216723905
217115419
217525333
217652573
217745483
217795980
218528777
218577520
218591020
218607554
218876335
219314138
219786294
220145609
220405989
220422692
220710132
220762493
220994720
221175697
221250658
221669384
221704952
222107786
222322750
223327442
223388009
223655849
223750163
223949392
224074477
224083180
224371411
224435813
224574693
224908244
225016930
225249084
225460230
226082905
226110438
226468416
226587972
226730038
227076238
227194778
227291849
227917215
228858480
229125727
229142934
229453694
230214285
230517338
230679169
230868900
231119241
231147502
231407436
231651601
231718941
232012730
232139495
232286585
232450783
232558558
232866470
233651666
233731011
233761488
233788519
234200796
234217378
234571957
234632877
234662514
234689400
234698640
234896176
235334836
235394759
235822689
235918457
236034449
236346376
236489533
236698700
236883725
237064063
237187492
237713492
237820368
237843057
237866462
237881985
238085484
238427684
238885367
238966006
239113949
239800522
239878067
239969086
240102634
240112881
240198088
240243646
240297369
240656980
240822136
241164564
241643493
242164523
242243132
242243321
242353467
242691835
242882553
242968469
243472302
243510583
243628326
243733158
244498368
245252578
245341882
245619822
245879779
245984224
246084650
246335193
246477018
246631361
246679114
247099397
247634711
248325409
248426642
248948858
248950066
249037714
249126401
249353254
249430505
249995539
250658939
250694683
251029624
251098275
251931088
252533883
252898761
253131762
253718002
254201011
254378788
254574640
255480523
255499453
255638894
255861427
256211069
256831100
256882241
256944160
257423514
257426567
257572071
258615369
258624041
258711653
259056777
259245035
259818756
260568340
260696623
260790476
260913374
261341394
261975121
263101258
263153930
263406502
263642466
263645009
263781945
263862874
264163558
264293217
264456723
264689566
264960699
265252491
265615518
265642812
266171226
266241886
266386639
266433962
267113812
267235282
267581797
268076100
268192902
268265081
269424205
269523560
269570721
269809910
269919580
270591736
270600622
270891493
271053386
271221621
271251341
271269676
271412926
271669800
272384452
272403090
272504489
272674505
272680785
272837278
273114110
273172892
273285761
273460452
273715424
273734314
273895893
273905623
273943293
273979006
274081250
274547189
274569595
274781626
275033884
275299909
275947994
276120731
276430577
276452174
276475306
276565387
276876017
277318904
277655815
278177893
278694571
279361343
279656742
279741586
280256993
280729231
280879877
281433654
281908381
282170925
282464273
282520402
282584499
282607014
282863447
282888053
283109732
283248299
284089952
284161123
284319540
284416968
285169980
285254978
285523809
285527258
285750921
285780166
285908309
286567753
286766283
287210890
287588507
287706780
287760841
288128935
288473548
288554754
288963006
289245304
289252128
289305167
289776432
289803124
290044869
290618801
290640326
290688842
290768891
290810938
291186214
291445789
292317492
292937978
293081100
293257670
293298714
293715521
293846310
293851548
293961011
294257493
294347224
294350532
294895298
295352412
295645404
296197859
296406526
296613508
296687041
296928467
296958944
297119363
297358066
297732023
298142443
298175331
298204292
298452689
298559353
298714133
298858810
298980918
299124502
299164067
299187950
299380269
299558973
299635452
299954503
300171947
300221317
300469503
300760724
301385470
301508925
301841543
302143398
302276699
302399183
302416547
302559387
302911137
303002594
303218583
303249932
303571069
303943347
304151204
304384492
304508732
304650698
304901118
304913159
305327095
305750274
305757809
305977937
306388352
306437295
306555625
307219461
307368646
307593792
308308129
308546357
308731702
309226059
309535412
309662968
309776610
310120977
310175466
310437187
310621633
310944973
311049022
311339262
311343165
311467314
311536179
311586159
311611610
311648292
311747614
311758863
311923655
312002390
312009910
312011611
312330568
312394954
313091496
313564478
313602208
313829119
314290623
314331734
314398847
314437261
314919029
315050120
315458631
316352821
317157878
317210586
317238349
317344865
317630514
317642613
317793872
318241331
318977670
319016109
319327972
319623120
319668195
320016644
320035017
320576719
320677687
320916247
320945402
321270383
321352582
321815454
321963638
323048903
323230751
323402827
323602688
323833266
323987034
324246976
324425167
324670803
325380257
325578637
325754050
325893862
326288891
326943632
327123269
327375407
327425472
327526795
327596594
327805632
328083092
328234403
328535615
328588405
329179508
329421818
329465187
329578770
329684325
329815688
329924000
330328806
330425317
331271389
331588199
331601858
332570502
332590977
333049740
333381229
333715877
334005176
334069554
334250730
334577734
334740158
334767564
334843542
335082181
335104572
335155199
335236126
335271884
335557999
336009944
336012172
336012311
336280097
336317959
336551106
336867947
336970136
337003039
337089057
337352970
338092178
338129864
338650303
338842021
339128384
339147712
339163737
340114280
340214384
340404485
340416816
341035878
341236611
341309723
341336259
341902056
341990641
342016540
342491714
342662563
342724547
343015807
343245507
343276886
343605025
344086307
344097045
344159839
344358449
344373254
344389766
344454194
344461811
344618508
344716984
345079276
345498314
346195581
346903922
347389776
347412282
347553724
347686961
347725730
347937233
348003865
348015673
348087044
348235025
348432145
348519044
348579852
348640717
348878889
348971849
348997116
349768964
349857144
350393991
350819143
351048717
351295988
351383582
351420461
351697173
352415452
353069496
354000858
354108633
354158128
354681895
354734834
354805745
355195265
355440279
355578235
355718492
356065557
356468376
356854105
357363167
358527439
358592154
358657299
358973976
359016920
359127734
359263940
359668036
360068160
360321408
360891175
361478433
361674545
361953293
361987070
362256717
362452364
362793023
363085756
363308056
363494969
363541611
363550674
364168421
364371000
364560994
365523064
365573831
366296717
366502307
366693671
366868934
367046661
367158063
367514861
367666253
368058981
368414602
368738488
368799085
369202269
369343418
369705683
369746191
369839554
370953180
370973308
371014887
371052515
371161485
371526463
371642620
371759153
372166636
372217009
372279046
372500637
372768809
372815937
372866603
372897867
373213044
373352614
373362722
373435463
373732708
374082799
374438782
374460471
374995326
375039211
375188672
375301082
375459912
376481804
376559957
376988134
377064650
377441507
377455080
377459964
379030380
379216698
379393809
379488190
379603233
379640794
379843748
379919845
380259644
380967773
381220630
381294456
382105008
382253899
382276464
382363327
382632795
382742697
382767310
383046923
384117561
385158382
385528071
385747288
386226147
386264340
386438486
386569119
387552918
387583775
387794719
388112966
388284936
388467082
388539138
388957486
389341981
389364031
389609164
389792303
389811108
389907774
389924994
389937992
390607121
390960416
391132298
391148526
391217850
391229276
391626695
391728202
391779827
391907652
392063103
392332311
392370675
392671046
393318170
393449234
393816545
394345891
394701907
395347097
395407954
395611939
395909656
396078813
396089711
396561210
397099683
397251925
397335336
397571355
397611402
397731196
397909738
398151630
398580971
398582183
398806813
398908364
399079931
399432984
399694832
399726276
400208683
400437810
400683425
400843449
400879383
401290402
401429341
401831180
401926598
402239359
402349143
402365166
402835757
402941101
403305105
403365993
403961790
404116939
404335071
405047741
405505137
405532739
406042230
406078451
406514604
406641568
407204196
407337719
407624080
407853943
408186347
408381105
408416732
408574050
408627742
409295501
409310244
409449578
409476451
409717731
410186146
410469592
411046837
411061279
411098782
411352634
411604067
412005241
412128473
412184403
412603909
412881707
413835371
414031122
414560738
414800270
415013998
415064397
415389463
415599121
415783163
415857838
415987650
416149210
416372927
416465228
416892301
416997850
417057892
417195367
417243401
417446026
417555340
417716231
418078940
418167813
418585624
418759160
418823465
419308848
419631063
420220700
420405815
420691424
421053553
421099735
421364327
421475738
421507704
422269059
422433970
422633398
422796712
423550773
423926628
423942454
423985694
424213277
424808316
424872214
425162729
425287417
425297953
425620965
425857573
425950139
425982325
426180506
426264380
426361118
426982531
427028236
427538122
428271298
428704442
428753235
429075882
429779815
430643247
430671131
430709471
431325655
431350928
431373356
431680038
431810133
431950118
432302612
432436774
432713531
432771334
432875106
432941683
433094025
433331784
433568721
434117919
434136968
434378276
434897741
435063766
435364798
435555868
435956089
436159488
436232448
436309743
436336787
436463990
436692368
436925540
436966663
438317870
438350841
438498534
438752578
438950901
439079766
439186546
439437137
439586908
439899353
440035487
440593330
440761314
441310046
441349070
441365521
442172727
442772622
442780810
443459650
444326951
444401691
444619119
444806231
445152591
445600231
446748077
447250931
447464407
447661189
447706310
448328386
448641621
449555285
449678289
450099792
450300886
450464577
450480201
450543013
450635990
450937824
450957819
451155333
451329111
451441393
452183320
452368618
452493457
452713661
452837363
452926362
453306670
453659319
454528573
454793689
454866038
455718892
455726584
455734444
455821040
455916524
456039998
456065357
456779922
456929657
457340072
457402444
457593378
457937355
458816510
459177704
459294645
459640901
459795455
459837767
460288195
460617803
460642572
460951260
460976311
461073342
461410806
461779900
462155806
462176144
462254485
462281588
462307906
462366485
462512637
463182163
463767189
464130879
464496609
465293142
465774128
465817881
465919568
466173885
466498472
466682047
466761244
466917282
467526709
467689274
467729621
467764851
467966967
467972518
468282800
468384172
469336187
470330986
470852313
470935171
471129555
471502400
471625042
471647567
471852039
471989946
472195532
472217230
472653781
473188552
473594015
473618406
473833845
473839355
474082088
474485112
474509963
474522354
474645867
475437072
475459321
475664706
476545742
476614768
476719762
477081304
477103014
477258969
477306794
477386219
477668811
478299419
478323554
478443695
478450314
479192232
479316547
479363329
479435232
479437244
482547909
482890939
483146545
483648397
483755155
484005710
484328553
484485457
484830719
485578335
485791708
485975904
486082579
486397610
487070092
487146605
488267426
488449291
488718913
489046897
489375541
489558542
489909967
490677879
490804820
490924089
491065485
491071145
491093523
491376570
491851441
492024747
492568871
492805918
492819393
492934245
493041307
493082951
493096058
493174616
493255228
493497879
493528834
493570216
494667843
494860836
495101997
495147970
495436713
495452827
495493587
495535140
495856777
496185560
496512050
496514568
496561398
496636786
496680042
496773181
496786452
497254434
497325600
497603203
498511887
498541446
498734790
498829041
499010570
499535775
499799505
499974315
500178430
500647764
501919454
501969741
502005078
502013464
502107586
502189752
502208053
502811888
502904223
503147683
503371091
503824550
504167046
504421641
504559601
504710145
505155089
505784235
506187572
506297558
506376819
506571484
506740219
506816316
506823641
507114018
507455578
507541180
507718588
507904863
508027858
508246039
508442242
508849882
508901513
508948962
509368155
509557867
510053629
510815201
511503561
511583610
511700640
512425163
512559984
512592245
513058145
513324284
513543897
513549406
513758221
513807046
514104038
514256842
514324151
514612579
514832486
515025638
515166743
515245834
515287353
515350402
515459524
515627994
515880594
516107576
516358637
516598241
517502238
517830129
518336380
518398605
518705274
518945765
519491733
520013982
520087948
520432673
520500148
520983654
521161831
521265057
521584486
521673594
522143476
522521208
522682361
523049596
523878760
524135730
524199820
524311658
524681409
525034898
525226819
526408119
526643525
526833972
527374021
527837754
528321811
528471485
528591598
528752987
530308173
530416518
531604991
531616682
532010628
532092997
532326208
532651251
532920315
532920995
533211982
533675121
533743500
533849955
533866658
533907937
533959022
533968437
533976723
534005568
534105528
534251246
534434416
534627298
534779173
534973879
535132017
535224737
535233204
535793198
535797669
536229875
536621329
536905310
537130786
537159040
537260612
537440416
537645474
538124077
538313267
538515111
538737031
538855463
538883426
539353645
539852369
540482961
540547669
540876487
541724556
542130336
542349334
542474348
542528995
542638565
542863211
542910128
543166114
543308306
543766380
544257888
544901288
544909252
544994182
545004905
545166340
545618577
545769382
546393613
546520171
546681083
546854648
547080998
547258537
547300266
547398697
547653413
548079106
548198374
548746885
548881580
548941596
549430294
549482759
549537177
549542807
549696279
549756357
549935242
550686499
550693127
550712428
550917797
551065540
551092602
551100557
551280215
551390691
551898408
551968237
552286678
552347682
552451272
552574556
552757612
552815557
553059496
553388846
553393222
554428928
554516985
554715284
555058426
555475502
556086134
556473837
556709930
556923311
557202831
557482346
557719307
557871677
558088734
558783402
559016634
559275249
559936827
560193644
560212937
561144428
561403301
562328678
562387806
562623040
563049933
563298776
563398665
563542330
563919702
564285121
564364600
564394029
564816577
565835617
566374952
566810580
566953399
567049883
567220448
567840335
569090029
569555980
569610070
569909911
569929036
570333112
570499828
570979537
571015298
571036881
571113588
571542580
571929894
571956993
571962250
572112573
572152864
572180471
572244120
572520953
572642522
572878491
573097445
573549096
573936741
573949024
574119883
574381772
575022260
575137006
575279300
575321226
575371063
575662184
576208585
576309875
576792747
576927089
576962131
577592133
577667648
577925506
577984290
578005480
578040114
578341602
578410145
578437004
578532174
579121856
579541926
579587446
579742022
579961715
581584445
581596680
582638307
582783517
583006427
583057156
583230831
583582977
583890393
583969361
584246291
584952282
585208491
585312312
585531773
585968439
586078271
586776528
586970703
586971888
587090196
588041788
588239989
588502371
588627928
588683900
588849228
588916551
589131055
589419305
589668666
589931368
590225851
590281589
590610283
590984744
591323736
591771096
592579083
592686651
592812384
592952725
593087948
593229034
593664713
594070329
594231358
594316909
594332203
594517533
594519642
594681765
594905007
595797642
596131312
596198337
596569772
597248233
597280500
597627860
597882070
598359918
598372900
598509799
598729943
599101852
599287899
599724829
599834697
600403414
600767866
601504450
601529145
601669116
601743614
601744071
601785215
601979974
602010651
602305070
602511454
602530694
602587341
602605974
602865437
602923070
604001406
604474012
604632584
604798591
605388790
605499312
606013305
606703566
606720521
606830418
607256086
607572129
608371387
608448726
609502743
610287986
610552481
610835274
610880641
611233852
611486390
611607872
611977806
612264591
612438094
612579709
613368354
613377863
613714291
614161366
614596069
614614870
614706998
614709804
615025158
615059069
615141845
615487856
615598481
615676004
616243642
616759658
616760228
616946578
617313498
617348402
617686028
617882880
618461047
618810722
618969396
619113649
619218069
619327832
619386337
619424809
619686686
620202593
620292569
620618662
620727264
620981071
621252439
622134209
622465833
622812921
623180777
623909330
624081359
624329179
625471498
625987719
627146857
627240769
628104855
628251856
628331578
628974859
629018949
630010291
630037499
630120739
630254528
630862191
630921418
630931427
631448998
631665542
632812054
632863464
632898079
633166561
633459532
633477362
633495499
634126897
634138167
634195654
634607353
634637025
635264518
635640348
636278872
636287451
636895761
637080012
637592400
637629933
637888745
637917129
638034891
638540557
639078970
639390854
639643360
640003639
640665206
640898435
640993340
641101356
641172759
641275045
641365178
641369382
641787020
642171526
642234555
642335787
642460288
642565570
642715520
642772858
642834008
642883415
643031701
643227117
643423288
643818729
643993238
643995033
644010116
645009803
645123352
645467219
645927860
646229988
647054205
647141256
647854717
647979622
648006507
648007208
648054949
648189420
648223678
648238744
649041814
649418310
649530855
649991904
650860558
651252790
651521638
651912927
652291628
652376512
652724274
653211217
653261975
653341606
653400104
653911938
654675876
654704749
654903723
655010411
655149831
655734758
655751716
655826180
655845268
656014657
656082830
656105591
656505002
656510301
657829113
659073793
659231477
659301024
659385097
659557741
659631385
660205149
660391775
660537907
660654399
660770907
661621268
661639464
663467539
663531045
663871758
664079921
664170968
664545439
664781646
665411506
665956926
666108183
666654837
666848463
666940796
667055220
667194433
667315053
667912663
667965802
668216064
668453867
668519456
668667762
668743086
669309562
669445868
669862143
670032799
670060996
670387993
670641888
671395010
671483384
671889731
673255951
673979688
674253823
674418983
675179993
675422276
675522777
675674375
676009290
676141912
676226862
676363503
676875800
677000708
677425683
677462497
677762111
677836627
678146600
678310955
678447154
678555606
678657303
678975578
679110149
679784380
679871961
680121950
680790297
680965281
681006970
681302637
681386083
681628553
681651626
681903544
682462598
682669094
682806934
682807278
683652472
684582877
684740403
684908341
684957105
684997901
685270162
685385653
685453276
686104667
686426039
686753291
686821807
687297260
687370160
687526007
688005935
688050993
688103465
688148249
688811352
689601644
689692700
689734602
689799527
690293460
690535598
690695131
691065937
691305112
691419880
692018478
692212604
692389562
692653126
692715659
693326304
693509322
693926413
693927733
694072086
694602098
694643399
695212303
695276251
695347819
695686846
695739425
696004351
696045333
696163390
696266400
696364924
696882040
696904000
697232353
697431595
697995370
698163520
698786277
698839087
699734832
700188710
700353474
700488031
700697956
700710276
700894551
700969447
701747962
701778187
702403544
703146859
703419263
704437016
704703127
704838663
704871731
705432729
705599540
705693840
706266701
706663004
706744165
707019370
707107657
707237407
707306165
707448692
708055285
708415894
708435238
708631218
708765006
709022544
709221703
709294657
709886305
710390329
710683983
710761240
710764944
710809200
710810724
710859486
710920274
711039383
711169019
711172800
711275680
711846929
712016877
713061259
713255204
713319719
713362006
713801731
714104948
714854000
715024417
715028727
715400307
715844547
715937992
716211736
716213083
716250279
716408394
716415543
716526167
716530582
716725838
717025043
717651531
718163538
718438880
718515169
718894107
719569596
719692430
719713129
720110368
720119066
720461004
720554011
721015925
721146470
721189365
722013769
722857272
722867790
723096713
723134501
723408277
723499198
723522689
723694262
723991131
724090203
724209223
725088431
725808441
726162783
726872564
727016475
727095871
727109405
727196631
727305657
727367625
727532423
727722962
728011535
728457494
728641067
728968386
729074069
729549244
729625000
729757172
730359585
730405795
730455152
730543190
730558087
730776829
731122884
731165086
731196470
731389678
731529390
731845964
731870711
732390036
732629209
732707011
732726669
733131658
733752352
733837765
734148353
734271190
734859977
735196301
735910505
736042909
736463040
736785954
736829391
737192685
737949359
738147379
738963136
739453353
739633800
739712404
740406817
740519488
740794239
741055110
741086601
741339820
741798233
742204744
742255062
742283763
742774083
742831893
742851648
742851873
742968475
743060597
743152675
743301753
743342261
743398106
743570294
743642620
743682927
743845310
743961315
744226728
745056150
745100462
745180180
745208034
746443884
747032194
747269952
747321557
747599499
747718147
747872648
748114639
748373866
748690575
748972303
749568710
749665702
750303339
750637549
750799853
750806187
750846189
751117419
751424241
751551825
751783665
752622911
752697226
752892692
753540163
753760947
753779656
754636066
754677792
754718189
754843938
755234787
755474547
755489543
755781939
756539219
757088445
757315796
757370563
757494974
758175919
758462772
759440391
760200947
760434829
760483553
760728123
760771313
760781608
760813279
760818317
760984050
761306526
761404188
761571853
761972862
762394934
762434540
762500044
762519541
763737109
763975024
763997349
764110620
764307147
764445201
764659154
764829268
765055188
766599453
766924544
767034149
767395791
767764434
768040738
769011079
769382740
769813660
769858590
769865532
770094582
770464690
770532702
770570484
770710908
770816261
771091282
771157679
771358132
771790870
772154294
772197001
772393721
772744153
773490858
773518836
773593552
773998989
775150903
775156061
775986168
776014770
776728226
776843742
776981270
777026125
777280438
777550809
777969834
778221682
778303109
778426148
778895350
779092751
779780662
779999726
780097250
780127059
780723341
780795322
780935737
781024135
781149914
781512902
782567542
782658543
782846076
782917108
783356753
783455809
784193761
784306930
784431877
784935793
785134238
785778551
785905559
786264880
786637665
786930660
787371653
787619163
787708057
788006585
788906398
789196904
789906713
789989113
790300048
790417845
791243768
792419624
792544070
792851896
792890906
793048949
793097310
793135552
793797508
794015223
794895783
795173112
795421977
795473378
795667301
796030965
796081375
796332465
796943639
797058978
797246949
798197830
798364855
798426046
798427770
798450344
799309091
799322597
799518895
799567467
799602633
800269792
800969053
801000912
801080021
801182457
801194942
801219918
801678693
801751892
801756153
801933627
802420727
802504845
803049360
803078410
803380212
803869469
803968401
804337956
804349632
804512939
804517704
804520393
804672275
804821739
804880892
804950060
805579226
805956446
806194631
806446497
806553879
806813082
806896945
807044075
807147045
807892881
808311795
808380025
808420590
809066920
809071529
809366335
809463209
809503834
809859117
810693247
810985357
811137140
811457219
811517929
812235374
812402172
812641916
812711529
813101156
813128936
813331184
813601085
814304192
814488449
814580923
814790481
814830424
814853706
815243831
815479507
815486060
815487844
815998334
816439118
816528208
817066852
817547858
817761998
818119450
818137078
818211850
818751602
819011133
819095867
819189361
819255891
819272949
819364242
820188542
821021644
821693020
821718173
822065330
822445339
822572204
822844482
823094538
823290526
824032247
824061089
824263577
824363963
825391984
825486916
825612691
825742378
825811527
825830338
826055950
826191620
827657126
827795466
827876406
828201467
828354835
828422439
828722378
828832630
828912464
828958349
828973317
829384131
829662951
830010074
830109601
830115984
830362283
830454516
830941547
831037474
831167364
831602881
831998484
832284255
832585852
832868826
832949902
833097884
833713469
833780176
833803365
834000304
834132330
834854250
834970624
835202061
835352073
835633836
835901617
835981361
835983807
836437420
836531458
836532746
837845847
837989649
838073875
838191780
838550835
838569599
839587050
839629775
840023575
840134941
840193564
840268019
840522352
840670582
840680768
840719715
840774946
840813339
840936160
840967632
840984509
841353250
841438338
841644247
842251814
842320454
842796284
842806894
842848104
843063526
843408513
843456373
843655093
843861183
843921530
844093588
844236579
844411684
844485632
845561601
845756632
846548420
846680478
846699096
846791687
847317901
847628625
847827453
847845695
847959041
848141686
848332569
848644110
848719846
849168892
849198495
849808901
849989140
850385889
850559374
850667374
850906417
851449997
851723785
851738860
851930713
852145954
852414377
853685400
853686257
854160508
854244331
854385392
854518067
854693539
855029622
855273345
855458444
855582546
856163501
856521364
856702467
856963627
857117206
857511288
858628061
858807276
859013571
859151706
859690793
859702346
859770584
859950752
859960234
860347812
860793072
861057966
861279006
861359542
861540476
861591056
862039701
862115388
862417352
862510708
862735634
863165456
863318761
863461618
863634445
863894283
864272680
864595266
865519468
865768540
867695368
868039356
868167599
868283755
868776794
869156240
869194737
869312447
869539463
869602649
870228363
870340332
870849002
870937836
871576121
871762337
871970853
872001402
872392646
872589318
872624967
872757762
872970081
873081832
873218624
873300338
873965225
873968657
874067899
874089745
874340166
874406006
874980684
875481270
875521673
875892162
876114508
876507900
879005622
879056562
879141712
879234036
879548838
879768482
879909867
879964654
880059796
880776261
880815708
880989658
881474247
881785020
881933279
882256962
882819158
883607692
883755543
884603605
884802982
884815283
885284461
885650009
885767987
885899663
885981400
886390941
886698428
886717996
887379121
887698359
887850814
888426559
888490226
888794304
889399380
890149034
890343992
890734997
890893026
891005823
891826001
891848929
892256671
892449965
892616811
892715881
892967900
893056631
893563465
893647287
893661826
894373611
895091334
895789478
896364366
896433651
897077565
897168267
897269188
897488285
898000170
898252694
898317313
898841283
898933470
898971642
899018183
899098866
899172145
899772544
900019617
900068689
900680140
900793208
900867222
900882849
901206812
901383769
901526914
902116012
902205496
902902753
903367150
903590797
903639073
903707617
903721741
903886110
904501634
904747273
904963815
905393201
905489016
906041880
906058948
906995519
907434832
907512362
908228630
909299426
909512486
909590197
909676318
909740322
910056463
910092374
910200688
910292555
910625879
910813965
911164943
911639848
911793794
911817126
912082193
912177230
912451056
912555378
913118055
913140881
913647907
913898576
914191175
914229529
914384098
914889314
915500722
915930759
916584634
916692726
917184350
917331692
917359987
917563272
917791951
917968100
918209162
918335944
918984065
919495455
919794064
920503347
920550703
920791522
921143862
921234467
921630896
921921688
921942940
922250647
922353717
923302511
923362849
924157970
924800614
924913073
925023502
925131771
925244653
925706330
925736846
926091300
927223872
927419004
927435552
927732283
929103794
929563404
929868229
930152295
930221588
930234516
930350587
930366618
931058330
931178721
931299050
931484813
931739957
931792264
932078490
932544511
932561316
932864446
933198495
933330206
934458871
934632898
934788850
935267289
935363694
935723560
935954129
936254919
936286386
936351552
936378545
936508956
936569320
936624583
936796924
937301805
937469295
937796107
937884527
937996159
938098373
938944458
938957070
939074078
939651524
939826914
940315753
940482130
940764186
940888896
941049503
941201083
941216153
941301558
941721988
942705700
942745079
943037678
943254196
943509937
943888042
944057106
944347372
944469174
944705779
944885603
944960213
945147882
945276400
945310241
946441688
946575628
946698423
946763972
947008052
947037358
947392497
947433299
947583764
948225242
948388082
948531924
948545629
948788507
949490434
949526647
950617595
951039929
951697852
951732786
952294398
952636893
952694944
954049772
954062222
954100397
954531259
954608661
955226403
955778502
956034322
956122231
956492985
956850371
957457493
957599329
957651582
957770345
957993000
958078595
958397582
959119902
959256946
959791243
960260276
960289550
961060578
961662798
962023838
962932756
963580335
963723042
964377194
964443486
964493834
964604685
964607859
964689067
964819440
965097800
965116856
965328958
965845490
966525156
966613510
967093476
967717491
968115845
968274107
968352357
968556521
968801005
969176282
969233119
969593152
969689253
969731377
969772260
970362980
970425177
970563465
970600661
970768799
970861952
971081288
971119590
971479139
971638490
971648780
971723398
971801440
972116435
972614491
973129088
973290169
973383188
973680405
973721048
974039652
974618167
975927288
976026804
976042668
976069779
976154613
976445133
976536648
978028697
978171854
978292270
978329043
978379119
979684834
979693969
980409603
980476051
980740091
981085590
981209306
981929687
981992528
982083767
982167778
982258976
982825929
983033699
983149826
983387218
983875838
983991138
984059593
984424039
984489476
984863244
985418863
985908807
986085563
986180644
986271194
986301734
986430338
986489745
986818007
986851457
987118219
987203661
987416187
987598565
987627733
987928684
988093287
988353873
988354551
989176630
989181532
989358981
989392895
989443573
989706403
989925012
989980694
990246863
990806372
990845470
991694450
992404645
992673349
992914739
992945312
993107229
993303978
993316828
993468119
994159266
994907591
994932366
995093011
996065646
996413229
996574259
996577062
997059453
997094775
997566862
997761648
997769114
997799360
997980529
998289709
999067691
999502355
999743328
999764523
1000250068
1000325059
1000492429
1000681528
1000922743
1001337338
1001788650
1001887415
1001911197
1002014323
1002287730
1002304300
1002398192
1002853898
1003325534
1004019160
1004656435
1004667843
1005624508
1005857075
1006167318
1006368422
1006600904
1007022635
1007635310
1007730008
1007853657
1007991994
1008584695
1009143375
1009194596
1009349288
1009369114
1009443894
1009524858
1009594502
1009612802
1009666752
1009672452
1009859150
1010087742
1010472175
1010692823
1010726233
1010796606
1011338902
1011351861
1011357085
1011366473
1011656244
1011657253
1011684326
1011952399
1012237218
1012996798
1013564089
1013992590
1014327118
1014504678
1014727231
1014772909
1015350349
1015528206
1015727962
1016019186
1016388663
1016680266
1017848421
1017934304
1017946810
1017984203
1018284330
1018755007
1018962935
1019301743
1019787806
1020017977
1020407861
1020533165
1021205883
1021252029
1021385744
1021634649
1021680674
1021966520
1021999288
1022217864
1022479095
1022568022
1022993591
1023051831
1023179378
1023508711
1023538453
1023570121
1023960494
1024150347
1024652818
1024828772
1024918615
1025157182
1025480937
1026138250
1026348406
1026501410
1027064447
1027089693
1027344444
1027816872
1028034044
1028070426
1028127636
1028577828
1029142540
1029289557
1029723802
1029898245
1029952286
1030315600
1031411113
1031424694
1031532734
1031966779
1031978875
1032520267
1032873863
1033031892
1033157037
1033332623
1033552575
1033754681
1033800865
1034105509
1034281075
1034359867
1034790287
1035032544
1035303940
1035304402
1035381839
1035408348
1035430177
1035662851
1035728979
1035881898
1036293073
1036547582
1037372999
1037804757
1037967187
1038256124
1038332456
1038560580
1038697430
1039373680
1039608422
1039725251
1039893222
1040644527
1040963510
1041166691
1041326005
1041731518
1041791593
1042895865
1043050405
1043386162
1043605274
1043741371
1044598641
1045112278
1045556005
1045650815
1045738012
1045954896
1046173193
1046183306
1046304497
1046423406
1046924441
1047072887
1047139583
1047289626
1047412265
1047649445
1047800924
1048357319
1048403483
1048412820
1048655109
1048799462
1048833212
1049373568
1050008446
1050182858
1050753349
1050827382
1050840111
1050907608
1050919279
1051164002
1051217845
1051389211
1051523558
1051781498
1051935685
1052095725
1052271172
1052296150
1052366652
1052490025
1052648815
1052730713
1052775496
1052833936
1052985100
1052986771
1054058993
1054122238
1054370922
1054481747
1056020625
1056177050
1056399811
1056406969
1056780563
1057308994
1057675091
1057715302
1057824196
1058206970
1058238136
1058344939
1058798013
1059186053
1059825627
1059954620
1060147946
1060243985
1060825098
1061390900
1061580727
1061901629
1062496798
1063271915
1063356578
1063493623
1063879487
1063883119
1064000037
1064420524
1064642568
1064791028
1064881790
1065097462
1065724879
1065792301
1066314171
1066530619
1066634068
1066787643
1067562203
1067619729
1067936444
1068345527
1068567749
1068730303
1069409214
1069487836
1069716748
1069776360
1070185552
1070353940
1070395749
1070571216
1071178989
1071389604
1071575242
1072334104
1072461694
1072570613
1072581269
1072679681
1073403847
1073409592
1074014036
1074119010
1074392939
1074688686
1074717686
1074981646
1075054202
1075310074
1075563450
1075833196
1076138736
1076230578
1076421644
1076519766
1076568823
1076617957
1076713439
1077716173
1078022090
1078353403
1078497298
1079089761
1079195740
1079358624
1079492230
1079547557
1079870958
1079901243
1080441577
1080577038
1080610241
1080652804
1081323085
1081822095
1081866015
1082185739
1082597062
1082714591
1082753671
1083522288
1084308469
1085335236
1085413313
1085494423
1085646902
1085919911
1085952040
1086242352
1086384959
1086422755
1086517997
1087211689
1087959728
1088087100
1089355842
1089670985
1090201024
1090408081
1090572497
1090578414
1091692872
1092141753
1092815988
1093015965
1093060699
1093182103
1093251804
1093380107
1093705220
1093959313
1093984835
1095067588
1095091849
1095511088
1095570630
1096065286
1096326304
1096712053
1097225798
1097926763
1097963051
1098027700
1098375677
1098400773
1098594230
1098737855
1098787307
1099136878
1099595268
1099678900
1099795860
1100494512
1100819224
1101920407
1102238415
1102309958
1102518666
1102561305
1102777898
1102943621
1103370520
1103463529
1103563556
1103581327
1103769502
1105216103
1105390113
1105653939
1105675952
1105864956
1106188495
1106895829
1107061013
1107310386
1107637377
1107711149
1107782137
1108575454
1109001548
1109119440
1109446304
1109599644
1109750114
1109972810
1110049443
1110125957
1110536203
1110551263
1110673416
1110873739
1110981915
1110990546
1111028953
1111300573
1111458199
1111639928
1111771603
1111808575
1112259995
1112629701
1113697546
1113814278
1114422923
1114994582
1115085137
1115585118
1116472018
1116583754
1116981650
1117820697
1118136499
1118798928
1119953376
1119963305
1120023388
1120081715
1120278299
1120624375
1120803450
1121104330
1121233429
1121431470
1121510578
1121590923
1121713547
1121972689
1123513124
1123830069
1124022009
1124483550
1124994456
1125369112
1125602538
1126600520
1126894804
1126919902
1127205389
1127441065
1127904704
1128570004
1128597929
1128623542
1128686591
1128710941
1129042344
1129085513
1129412493
1129463939
1130059032
1130630295
1130795942
1131531298
1131643232
1131768557
1132170417
1132490345
1132678500
1132694056
1132788031
1133080059
1133155013
1133159876
1133176357
1133396364
1133425115
1133908791
1134811952
1135075347
1135305757
1135538536
1135733668
1135764380
1135835741
1136114973
1136265617
1136877161
1137580278
1137959232
1138016693
1138138383
1138486203
1138764038
1139275230
1139505884
1139942616
1139974637
1140092909
1140130506
1140703935
1140858866
1140874181
1141146319
1141182867
1141235593
1141244478
1141430651
1141604535
1141929076
1142051052
1142113975
1142116789
1142308066
1142903480
1142993089
1143215324
1143325675
1143348635
1143575094
1144159888
1144511996
1145085345
1145233472
1145439816
1145486534
1146087100
1146319511
1146810129
1146843467
1147021847
1147168517
1147585923
1147911153
1148106838
1148242059
1148798770
1149123629
1149676885
1149732875
1149750962
1149804978
1149909934
1150181996
1150533677
1150613470
1150756309
1150898300
1151536870
1151713174
1151721164
1151747490
1151753333
1151981337
1152153768
1152263887
1152339704
1152445242
1153200726
1153318403
1153560254
1153566519
1153718490
1153740676
1153960334
1154239202
1154403926
1154585407
1154664332
1155120722
1155251722
1155475262
1155519539
1155532526
1155654968
1155899594
1156511368
1156549504
1156883031
1157014166
1157366347
1157477945
1157556204
1157614156
1157843544
1158321077
1158463926
1158481151
1158617996
1158766373
1159472525
1160098893
1160167929
1160255965
1160290720
1160699060
1160842567
1160973944
1160981269
1161423345
1161556614
1161666543
1161703739
1161986715
1162071676
1162196023
1162208616
1162311918
1162379208
1163209423
1164042703
1164053026
1164660379
1165403118
1165695165
1165833879
1166078855
1166299468
1166745026
1166958480
1169003161
1169273338
1169353980
1169459304
1169489858
1169795533
1170100189
1170179405
1170316574
1171121416
1171687509
1171731301
1171996361
1172245586
1172444071
1172477908
1172523938
1172717954
1172985865
1173474733
1173612098
1174450874
1174500705
1174569807
1174626970
1174733636
1175179306
1175325195
1176988888
1177536267
1177601849
1177605870
1178363532
1178438517
1178557568
1178818432
1178906101
1179637392
1180187846
1180702452
1181068581
1181269352
1181606627
1181853577
1181938192
1182302983
1182402112
1182558864
1182658753
1183257801
1183871877
1183963265
1184529423
1184660299
1184894538
1185170199
1185516542
1185560542
1186010079
1186044908
1186619476
1186913749
1186950976
1187161670
1187470889
1187586769
1187836257
1188765569
1188981081
1189245532
1189537645
1189884740
1189889794
1190703351
1190829182
1191044573
1191104746
1191107589
1191282213
1191378062
1192389293
1192500477
1192804128
1192814647
1192819068
1192838402
1192841341
1193723986
1193989456
1194032968
1194490056
1194502646
1194776760
1195043874
1195060773
1195108466
1195358509
1195547533
1195603810
1195752176
1195873638
1196259793
1196333910
1196637910
1196832350
1196833252
1196892019
1197336838
1197538073
1197634356
1198690607
1198725651
1198980301
1199727655
1200104976
1200145284
1200216444
1200487408
1201018909
1201163943
1201667397
1201668125
1201670241
1202556789
1202684475
1203530482
1204120553
1204273365
1204418674
1204590075
1205118388
1205158348
1205897927
1206289690
1206365709
1206428861
1207017775
1207308305
1207579523
1207646335
1207751363
1208204039
1208267832
1208364536
1208752259
1208892604
1209600402
1210581910
1210739880
1211362782
1211405614
1212138723
1212187337
1212378787
1212671606
1212812050
1213419673
1213807412
1214046534
1214254502
1214290663
1214537955
1214667791
1214896567
1215167666
1215344889
1215389807
1216247822
1216948024
1217072826
1217082002
1217097800
1217496338
1217766521
1219105525
1219281136
1219344707
1219385080
1219606368
1219664629
1219736937
1220370765
1220527664
1220856909
1221120340
1221289706
1221347577
1221595142
1221821225
1222081646
1222441739
1222521410
1222576284
1222912582
1223314996
1223375646
1223494404
1223697955
1224561763
1224582961
1224950886
1225401202
1225762602
1225855459
1226079991
1226724830
1226797710
1226806942
1226818470
1226913722
1227162914
1227550588
1228146617
1228414159
1228421138
1230010397
1230390574
1230571249
1230575002
1230639811
1230839104
1230881014
1230916767
1231051149
1231295019
1232264709
1232285469
1232841013
1233189865
1233463543
1233738026
1233889454
1234503317
1234672913
1234708548
1234872943
1235062877
1235081693
1235122546
1235275610
1235470300
1235473647
1235501135
1235799289
1236088791
1236290699
1236909086
1236964753
1237569566
1237748651
1238120406
1238315098
1238621200
1239322231
1239462366
1239897476
1240086152
1240192535
1240249822
1240417534
1240455387
1240665855
1240871207
1241954773
1242242260
1242355774
1242790331
1242830435
1243345153
1243431710
1243844813
1244279545
1244280886
1244343748
1244905282
1245273584
1245845437
1245917780
1245979083
1246150460
1246762612
1246795173
1247182730
1247790738
1247810209
1248325077
1248479204
1248500132
1249508058
1249687429
1249793546
1250100763
1250474434
1251230647
1251785652
1252594824
1252908587
1252931949
1253092785
1253969236
1255768169
1255922306
1256065586
1256358893
1256880596
1257273923
1257655499
1258351660
1258919080
1258937707
1259133628
1259142660
1260488024
1260706879
1261109284
1261166206
1261240186
1261313374
1261318267
1261784541
1262026957
1262217176
1262282056
1262450956
1262553933
1263547972
1263581947
1263902098
1264732348
1264798282
1264980921
1265887944
1266476871
1267183822
1267234819
1267433341
1267504362
1267730480
1268189697
1268306534
1268940365
1269188729
1269557090
1269961493
1270384978
1270476593
1270512477
1270785450
1271047741
1271174557
1271651187
1271749348
1271850650
1271983148
1272204613
1273296992
1273364298
1273384575
1274360093
1274530167
1274634697
1275322867
1276166667
1276266791
1276294122
1276327925
1276400211
1276561940
1277074449
1277480901
1277599243
1277705605
1277866407
1278412383
1278767778
1278930158
1279085349
1279151728
1279212781
1279482492
1280216861
1280418588
1280457511
1280482692
1281017398
1281220369
1281629751
1282173291
1282173765
1282725194
1282728337
1282980602
1283045640
1283397004
1283404250
1284355743
1284394621
1285298683
1285301996
1285322367
1285846934
1286219773
1286236661
1286322618
1287619632
1287789634
1289366353
1289464180
1289561405
1289697086
1289757288
1289920967
1290253176
1291067469
1292178435
1292480729
1292507539
1293229847
1293633416
1293700649
1294093861
1294391786
1294937913
1295287546
1295544313
1295889497
1296682105
1296894650
1297510584
1297987879
1298151212
1298196018
1298657315
1298776777
1299353653
1300003416
1300128329
1300288929
1300320443
1300603150
1300670686
1301231682
1301509665
1301590929
1301851089
1302133806
1302639423
1303025946
1303083101
1303189940
1303260275
1304277950
1304279040
1304324282
1304406926
1304530795
1305429011
1305499200
1306417501
1306506389
1306786571
1306884762
1307168305
1307322523
1307379416
1308018413
1308353221
1308696784
1308716002
1308832345
1308833265
1309210510
1309425615
1309505125
1309806483
1309841008
1310070011
1310177222
1310263426
1310498645
1311509201
1311846922
1312388259
1312732836
1312842587
1312957958
1313047467
1313158585
1313193147
1313818257
1314149380
1314155493
1314226868
1314440634
1314492464
1314745831
1315231522
1315397408
1316069002
1316156102
1316226977
1316688852
1316989489
1317074264
1317089886
1317247081
1317405235
1317424029
1317859481
1318151789
1318194117
1318241476
1318453128
1318487210
1318614032
1318733062
1319174669
1319213867
1319625269
1319800482
1319877965
1320152866
1320490179
1320660445
1320693979
1320698668
1320757863
1320836786
1320968398
1321083464
1321990252
1322057479
1322686685
1322941909
1323383161
1323551034
1325094010
1326058734
1326150229
1326384833
1326870869
1327236885
1327273710
1327570750
1328130744
1329204822
1329207255
1329425656
1329765207
1330395856
1330667817
1331356266
1332068621
1332413220
1332423898
1332825253
1333280960
1333397176
1333944927
1334059724
1334269611
1334518023
1334901951
1335784805
1335836074
1336863591
1336876832
1336884709
1337092353
1337117409
1337167668
1337291301
1337336615
1337516616
1338170605
1338281009
1338335413
1339378625
1339688549
1340022316
1340606431
1341062563
1341577524
1341600972
1341721430
1341762423
1341801425
1341892950
1342051576
1342064457
1342472808
1342572698
1342597963
1342893149
1343442396
1343662577
1343872137
1344038590
1344170774
1344348817
1345052464
1345563036
1345780839
1345944003
1346030005
1346076623
1346217708
1346271691
1346594164
1346835769
1346990102
1347592790
1347696459
1348284084
1348295737
1348418902
1348799672
1349063058
1349343280
1349635376
1349844431
1350007391
1350271585
1350283874
1350759162
1350973991
1351143597
1351353609
1351913049
1352166148
1352299569
1352335401
1352458535
1352626169
1352777741
1352912259
1353222072
1353828110
1354201082
1354544696
1354870214
1355445925
1356382347
1357073109
1357412934
1357638569
1357710572
1357715950
1357826413
1357862479
1357993747
1358034605
1358096848
1358296304
1358388121
1358658597
1358859700
1358907534
1359335316
1360114214
1361277112
1361656044
1361760717
1361797089
1361955935
1362387475
1362602768
1363040068
1363448576
1363611497
1363731452
1363904147
1364296957
1364476169
1365006644
1365078157
1365159171
1365276328
1366165004
1366345664
1366870554
1366906153
1366959064
1367090666
1368528475
1368863058
1368883035
1368995148
1369635019
1369683795
1369805978
1369906849
1370122294
1370157394
1370496908
1370635829
1370777387
1370804706
1371008308
1371055364
1371315378
1371437041
1371518244
1371671148
1372020063
1372097608
1372169517
1372476581
1372641463
1372764440
1373855615
1374460835
1374588357
1374606864
1375463220
1375521656
1376088591
1376353696
1376751894
1376828332
1377973380
1378135122
1378409622
1378524286
1378546912
1380120770
1380122444
1380197473
1380292898
1380477435
1380535531
1380697644
1380832649
1381021040
1381797240
1382069034
1382370377
1382588924
1382847587
1383161135
1383404520
1383837530
1383952862
1384361962
1384390832
1384897838
1385095414
1385414101
1385462363
1385795934
1385833853
1386018737
1386049298
1386858521
1386867290
1387082155
1387181117
1388270858
1388282959
1388453622
1388472219
1388687860
1388946070
1389095516
1389261422
1389289027
1389343421
1389403333
1389822048
1390390383
1390983977
1391107024
1391527781
1392062551
1392507285
1393246590
1393512049
1393757157
1395425508
1395479960
1396326300
1396720730
1396919077
1397164025
1397710051
1397881840
1397892625
1398038007
1398076176
1398139253
1398614145
1398707316
1398887158
1399345036
1399564434
1399857549
1399952382
1400259309
1400553334
1400720152
1400750166
1400843145
1400862169
1400944481
1401232079
1401303351
1401613142
1401722402
1401976875
1402105557
1403085718
1403211891
1403500726
1403870724
1403985738
1404045856
1404286749
1404698442
1404965273
1405039252
1405103753
1405382323
1405621332
1406714571
1406718917
1406871051
1407082671
1407102100
1407259342
1407292988
1407563609
1407804709
1407881017
1407939768
1408223182
1408347807
1408561214
1408563720
1408833995
1409006962
1409085177
1409310581
1409510653
1409574311
1409869701
1410240846
1410562083
1411208096
1411565686
1412349261
1412790760
1412853685
1413335596
1413915469
1414130419
1414990523
1415176916
1415328587
1417959226
1418355457
1418410915
1418429455
1418454756
1418580176
1418997105
1419046112
1419063322
1419215693
1419290437
1419343302
1419380463
1419449872
1420086751
1420291586
1420687047
1420760351
1421086201
1421202201
1421253521
1421485299
1422421970
1422460886
1422626705
1422692874
1423082007
1423324110
1423642553
1423687968
1423939744
1424006282
1424022719
1424179678
1424210335
1424250539
1424314066
1424628568
1424903855
1425162546
1425173906
1425232066
1425431805
1425498670
1425527895
1425591613
1425791295
1426294370
1426778186
1426944060
1427150382
1427264399
1427292949
1427347087
1427356587
1427632492
1427728279
1428470927
1428756848
1429028574
1429273690
1429282542
1429651702
1429870676
1429931647
1430041884
1430199294
1430635238
1430714593
1431061120
1431130746
1431180527
1431415914
1431795880
1432628967
1432666210
1432721489
1432977785
1433080908
1433340755
1433503276
1433564037
1434477037
1434537881
1434592282
1435324654
1435627300
1435634966
1435702344
1435921401
1436255261
1436544369
1436721920
1436743049
1436748747
1436780089
1436831638
1437286686
1437812047
1438000658
1438581445
1439901458
1439950340
1440278215
1440568875
1440758227
1440760889
1441131553
1441153145
1441440190
1442334106
1442721333
1442873503
1443011848
1443079470
1443306754
1443324080
1444475219
1445103003
1445676078
1445678142
1446203939
1446336663
1446790280
1447091607
1447164964
1447514343
1448196530
1448521624
1448570004
1448597397
1448779485
1449051272
1449667271
1449929678
1449950982
1450477095
1450582839
1450619619
1451192723
1451690603
1452672561
1452935535
1453736330
1454038293
1455125769
1455559678
1455955184
1456322922
1456863480
1456979921
1457065784
1457535174
1457920851
1458126520
1458589872
1459144270
1459167748
1459237806
1459265477
1459367359
1459402451
1459730750
1460189250
1460467015
1460483550
1460701640
1460812652
1461637914
1461788973
1461880037
1461906699
1462004603
1462487328
1462739855
1463039097
1463307686
1463361466
1463624309
1463634300
1463683632
1463870179
1464145998
1464175525
1464357683
1464571309
1464614277
1464619019
1464681951
1464769442
1465074361
1465398733
1465411062
1465521702
1466189989
1466248685
1466732722
1467126001
1467248217
1467414203
1467773648
1467866457
1468675646
1468770818
1469545891
1469597868
1469648924
1469791070
1469861074
1470040340
1470639832
1471117045
1471299317
1471304015
1471643928
1471916926
1471940364
1472013923
1472493831
1472886261
1473008207
1473589456
1474743580
1475103327
1475231282
1475436255
1475446868
1475660632
1475673261
1475885329
1476106417
1476251374
1476512479
1476540662
1476661817
1476922330
1477415958
1478171597
1478646360
1478813413
1478826169
1479525068
1479721722
1479916460
1480075378
1480278054
1480743774
1480947708
1480951389
1481006933
1481703705
1481707907
1481847710
1482362188
1482685689
1482818352
1483086002
1483308204
1483398423
1484143808
1484339346
1484468121
1484513975
1484567908
1484615189
1484692776
1485052101
1485107934
1485157678
1485760872
1485843020
1485945963
1486763635
1487010751
1487133529
1487442217
1487601067
1487906454
1487965404
1488814100
1488920754
1489084391
1489241926
1489638762
1489945722
1490191773
1490920844
1491409769
1491445144
1492141533
1492736336
1492919627
1493009768
1493606797
1493754387
1493792625
1494160147
1494608806
1494686779
1495715466
1496155899
1496182719
1496495893
1496656973
1496775903
1496957860
1497830878
1498091043
1498608383
1498631617
1499365824
1500150734
1500271324
1500416265
1500703195
1501133631
1501199039
1501558607
1501663503
1502116378
1502224719
1502275696
1502420441
1502525275
1503612457
1503927908
1504172478
1504219177
1504792687
1505897586
1506460339
1506554433
1506889425
1506953416
1507214671
1507485795
1507983396
1508123412
1508127202
1508145860
1508462573
1508674382
1509131083
1509184684
1509245240
1509328322
1509792639
1510121695
1510392712
1510517310
1510585256
1510600015
1511115729
1511191536
1511319211
1511422650
1511497917
1511669030
1511671004
1511849225
1512137672
1512230934
1512238255
1512868564
1513690703
1514442027
1514455867
1515800326
1515930319
1516008265
1516024177
1516459777
1516893803
1516909229
1517076236
1517094242
1517509139
1517593411
1517649419
1518392715
1518577412
1518860305
1519034096
1519110821
1519358835
1519822235
1520349839
1520574108
1520673799
1520979952
1521521953
1521609984
1521839017
1522033007
1522275460
1522493379
1523177648
1523585485
1523796392
1524022834
1524675608
1524811660
1525126596
1525228080
1525252636
1525666541
1525754351
1525816628
1526302330
1526558892
1526898033
1527351877
1527412732
1528089564
1529016989
1529102580
1529194830
1529566492
1529844888
1530365118
1530587268
1530643773
1530777455
1530860751
1530876587
1531320406
1531571314
1531837876
1531882289
1532266568
1532343484
1532489042
1532984833
1533870113
1534439612
1534818180
1535138291
1535574021
1535773246
1535857321
1535961914
1536492847
1536536831
1536925509
1537225105
1537357174
1537805000
1538110730
1538255446
1538372160
1538418463
1538535060
1538959865
1539355682
1539415810
1539877545
1539991695
1540043981
1541502508
1541781972
1541827096
1542064425
1542733392
1542743476
1542955839
1543069088
1543346022
1543503138
1543690480
1544333366
1544392246
1544776591
1544803249
1545118599
1545519388
1546725943
1546833685
1547214053
1547299942
1547634413
1547791055
1548057599
1548098578
1548659733
1548727390
1548835814
1548923530
1549005166
1549254202
1549462072
1550351418
1551003173
1551150278
1551212414
1551264856
1551578805
1552329811
1552575167
1552940973
1553148420
1553490475
1553960964
1554771600
1554847319
1555026854
1555068419
1555510207
1555556258
1555696540
1556038437
1556186301
1556222596
1556951293
1557296026
1557558166
1557573100
1557680483
1558007074
1558565702
1558734807
1558768889
1558909886
1559488044
1560158758
1560303811
1560439415
1560600089
1560831494
1561384344
1561707142
1561750669
1561900058
1562339168
1562417655
1563109902
1563272270
1563289464
1563330479
1563712732
1563917548
1564228766
1564303179
1564310911
1564350254
1564497357
1564982104
1564987446
1565291163
1565390118
1565611122
1566098344
1566141600
1566359144
1566457003
1566632803
1566641288
1566835740
1567053382
1567116757
1567172005
1567235147
1567581265
1567637533
1568040984
1568162631
1568177912
1568509654
1568520446
1568596303
1569041651
1569474219
1569518504
1569649741
1569651615
1570069112
1570236602
1570370469
1570624779
1571191703
1571876473
1571930332
1572138574
1572199836
1572254065
1572568123
1573045082
1573086626
1573239441
1573289725
1573293245
1573468503
1573553714
1575298105
1577289084
1577352019
1577728502
1577761536
1577911272
1577961088
1578314264
1578340928
1578477152
1578779611
1579189029
1579721503
1580210726
1580267512
1580457526
1580530699
1580613789
1580737477
1581041545
1581134949
1581287989
1581672360
1581727746
1581763404
1582396462
1582611895
1582771963
1582865356
1583607019
1583671455
1583776912
1584771387
1584861408
1585167696
1585177673
1585477455
1585883506
1586065755
1586179257
1586199884
1586305055
1586874688
1587194534
1588163890
1588598843
1588704333
1588910530
1588994211
1589102441
1589126858
1589410715
1589958380
1591092938
1591618968
1591753930
1591806517
1592378964
1592904058
1592922461
1592987449
1593248041
1593716600
1593762102
1593944505
1594100634
1594596230
1594740510
1595012177
1595133666
1595142805
1595221601
1595746721
1595834293
1595964883
1596160126
1596409833
1597366684
1597577102
1597644012
1598071877
1598152476
1598538802
1598554776
1598571628
1598704445
1599462104
1600633260
1600945871
1601709265
1601769228
1601879674
1602007142
1602177788
1602466551
1602589482
1602978320
1603085180
1603444957
1604254111
1605001663
1606329331
1606896475
1606915114
1607420622
1607578939
1607624655
1607667778
1607698764
1607710581
1608038727
1608246044
1608324166
1608551004
1608771998
1608920187
1609006779
1609332614
1609336712
1609835029
1610171035
1611098794
1611344239
1611636126
1611717057
1611766335
1611831450
1613140697
1613211687
1613252146
1613609952
1613826773
1614209687
1614215020
1614421173
1614954255
1615348690
1615462156
1615746709
1615898540
1616193672
1616375568
1616877959
1617027178
1617431471
1617462628
1618027983
1618655965
1619099633
1619795717
1619964689
1619984229
1620215777
1620584934
1620898858
1621016655
1621470999
1621895824
1622061521
1623096993
1623260118
1623319674
1623512183
1623662892
1623979185
1624044132
1624199184
1624245502
1624302793
1624477903
1624806073
1625057084
1625060796
1625821926
1625900135
1625972184
1626036257
1626303572
1626480245
1626680343
1626826758
1627654855
1628099336
1628506224
1628703941
1628758503
1629181846
1629274989
1629699920
1629964708
1630215906
1630554775
1630741552
1630797784
1631327777
1631936948
1632497903
1632653048
1632978555
1633334051
1633442775
1634051856
1634368834
1634377618
1634490034
1634499375
1635639518
1635940111
1636008244
1636126607
1636161649
1636203235
1636359281
1636412237
1636419120
1636498103
1636512169
1636858586
1636876297
1637084078
1637693854
1637771108
1638800741
1639078173
1639230147
1639254251
1639342063
1639862771
1639988111
1640070573
1640462543
1640511965
1640932649
1641104391
1641509451
1641549669
1643303355
1643305213
1643333747
1643439921
1643474263
1643559258
1643681536
1644045651
1644567506
1644720420
1644966659
1645082097
1645082967
1645492759
1646204459
1647254685
1647275661
1648109542
1648164251
1648217317
1648327650
1648884594
1648962725
1649670097
1649805312
1650792359
1650862926
1650938107
1651040869
1652212701
1652278463
1652496059
1652691781
1652720013
1652849716
1652885820
1653341730
1653409038
1653476788
1654252132
1654298788
1654300842
1654643452
1654777553
1655156572
1656171996
1656197861
1656529401
1656595630
1656823959
1656951907
1657379354
1657465395
1657694768
1658043555
1658280575
1658494346
1658569906
1658893262
1658935414
1659011540
1659051730
1659188668
1659627738
1659866390
1660465830
1660513111
1660570500
1660967437
1661187592
1661238435
1661492348
1661638535
1662405711
1662799447
1663023343
1663160852
1663283301
1663402579
1663552610
1663938505
1664090403
1664258148
1664893565
1664932137
1665334175
1665341367
1665513905
1665820156
1665871608
1666098705
1666440249
1666917162
1666978270
1667085341
1667271219
1668099356
1668255334
1668768893
1668809517
1669083020
1669223121
1669418064
1669518047
1670274933
1671223260
1671545103
1672404378
1672434935
1672485654
1672704103
1672860100
1672905389
1673190954
1673322708
1673336736
1673841104
1674132381
1675512612
1675793929
1675996527
1676388365
1676713321
1676947922
1677524172
1677542581
1678817888
1679185141
1679358945
1679935328
1680424960
1680603597
1680802532
1681027213
1681186418
1681207833
1681339334
1681488196
1681713485
1681955343
1681979337
1682046309
1682805369
1682896284
1683234018
1684161003
1684638622
1684865578
1684988024
1685008383
1685155546
1685356448
1685372253
1685455195
1685528286
1685877491
1685959683
1685982518
1686336444
1686889810
1687196071
1687422124
1687536170
1687757941
1689540330
1690209872
1690603193
1690609762
1690940363
1691103592
1691129411
1691303645
1691511798
1691866543
1692004755
1692052598
1692186379
1692533347
1692676515
1693247398
1693502725
1693899852
1693932129
1693953843
1694137347
1694281903
1694330280
1694648150
1694730493
1694843066
1695196703
1695543935
1695602196
1695910059
1696112595
1696831851
1697089420
1697218542
1697342645
1697660075
1698100578
1698286823
1698645095
1698746854
1698969929
1699696739
1699819624
1700071523
1700146753
1700221345
1700371428
1700980690
1701004911
1701103474
1702047080
1702684746
1702687186
1702900412
1703374592
1703666475
1703761779
1703949386
1704616166
1704913493
1705292476
1705408233
1705764611
1705771287
1705833389
1706789559
1707068302
1707131502
1707312320
1707433366
1708150439
1708406503
1708557484
1708604670
1708633509
1708669890
1708867218
1708945881
1709116982
1709828166
1710494012
1710509824
1710742757
1710819506
1711620572
1711938219
1711942508
1712367857
1712561935
1712776679
1712805072
1713076006
1713497952
1713713604
1713933274
1714480790
1714576071
1714591044
1714639795
1715069079
1715183880
1715255527
1715535528
1715622309
1716214222
1716869289
1717263196
1717447142
1717582861
1717609681
1717722382
1718246958
1718258852
1718335856
1718541661
1718550499
1718644911
1719240213
1719804552
1720018098
1720172824
1720284783
1721320888
1721382559
1721452402
1721637465
1722268659
1722292231
1722358039
1722531890
1722910252
1722964069
1723054648
1723148347
1723411444
1723755850
1724069741
1724136476
1724702971
1725388563
1725711133
1726164325
1726823709
1726904066
1726909656
1727790269
1728592188
1728737999
1728857036
1729164985
1729197991
1729293992
1729405325
1729447908
1729823231
1729922215
1730449892
1730895675
1732566855
1732582969
1732966785
1733190548
1733391957
1733411272
1733437746
1733693336
1734083924
1734147523
1734418204
1734683030
1734708898
1734752958
1734965515
1735426012
1735591222
1735741744
1735802868
1736315017
1736330255
1736963557
1737089522
1737144855
1738968928
1738970449
1739396222
1739733647
1739916442
1740137538
1740394769
1740825502
1740992629
1741236446
1742118672
1742175375
1742215587
1742274073
1742490706
1742530363
1742823339
1743085284
1743119386
1743626191
1743689473
1743970803
1744488782
1744605553
1745395161
1745422327
1745500472
1745643750
1745849040
1746716584
1746791342
1746950248
1747005949
1747019187
1747057239
1747113102
1747408582
1747442588
1747523075
1747548987
1747705130
1748206869
1748399046
1748714453
1748743597
1749254364
1749724568
1749840489
1749842779
1750226930
1750445097
1750449444
1750573012
1750828176
1750861951
1751269620
1751290974
1751467044
1751548440
1751572948
1751759957
1752092619
1752269404
1752599535
1752816439
1753622213
1754022824
1754335339
1754370371
1754374433
1754655019
1754834970
1755112973
1755229371
1755282061
1755368452
1755468033
1755748016
1756042395
1757351942
1757433411
1757789350
1758043647
1758058583
1758288875
1759211173
1759240556
1759297985
1759417080
1759805707
1759806147
1760208895
1760214592
1760309883
1760357014
1760764438
1760837215
1761022286
1761466723
1762127246
1762176586
1762459640
1762964491
1763795521
1763856886
1764385857
1764637320
1764666636
1764762392
1765096060
1765935848
1766082815
1766114216
1766255777
1766313952
1767386180
1767430376
1767803569
1767847610
1768043018
1768276779
1768404818
1768525277
1768557759
1768580276
1769328885
1769739771
1770076390
1770359104
1770564954
1770677981
1771218794
1771627132
1771685590
1771902170
1772548881
1772670669
1772680535
1773230649
1773344966
1773607243
1773833483
1773899459
1774370316
1774642551
1774847372
1775179758
1775291950
1775504118
1775758814
1775874176
1776055132
1776194993
1776584906
1776914904
1777379095
1777645570
1777834682
1777978000
1778602838
1778737706
1778784333
1779098495
1779288423
1779469677
1779574313
1779744660
1779788563
1780143848
1780449700
1780456558
1780685946
1780912862
1781167124
1781295368
1781434267
1781644694
1781654023
1781742698
1781774502
1782264362
1783024513
1783336482
1783909309
1784679289
1784799636
1784948771
1785080468
1785332417
1785524685
1785537263
1785685351
1785696080
1786312558
1786595970
1786965199
1787400473
1787839757
1788138254
1788308630
1788338883
1789095119
1789162291
1789901762
1790000328
1790066119
1790658032
1790668928
1790742239
1791610760
1791693630
1792154601
1792773765
1792953193
1793106868
1793110811
1793503945
1794494456
1794964625
1795224942
1795345539
1795480008
1795483070
1795787397
1795843103
1795992205
1795994672
1796113989
1796394315
1796829154
1797233511
1797425704
1797787389
1797889827
1798868395
1799123862
1799182025
1799744386
1799827534
1799828202
1800020879
1800149702
1800769249
1800947010
1801142035
1801211708
1801260006
1801552880
1801680156
1801717796
1801906944
1802023972
1803416611
1803508160
1803519336
1803707933
1803868300
1804121309
1804313317
1804493899
1804740974
1804754168
1804836429
1805090835
1805270395
1806169099
1806200026
1806314201
1806393104
1806458864
1806976513
1807063673
1808241559
1808674915
1808717207
1809368867
1809399991
1809509922
1809702556
1809958559
1810132596
1810228517
1810350007
1810827060
1811126508
1811270316
1811337626
1811389735
1811588422
1811640998
1811712461
1813261475
1813420961
1813656955
1814132050
1815100178
1815373082
1815903812
1816317907
1816707177
1816876365
1816927563
1817267960
1817720624
1817757139
1817902254
1818266908
1819265974
1819275778
1819432565
1819543125
1819548224
1819642551
1819789066
1819827933
1819896897
1819968082
1820137172
1820154593
1820438434
1820534030
1820895490
1821044541
1821089887
1821270135
1821681110
1821743155
1821798359
1821807422
1822063207
1822207169
1822451442
1822698846
1822962901
1823276128
1823516277
1823621430
1823737728
1824164493
1824191711
1825460192
1825969583
1826661972
1827826541
1828185663
1828200036
1828216846
1828454407
1828501199
1828751057
1828851976
1830057403
1830265344
1830378150
1830469811
1830968780
1831117543
1831187590
1831584996
1831843145
1832034420
1832233266
1832397530
1832557734
1832922891
1832982212
1833223606
1833325383
1833504244
1834287804
1834407700
1834918335
1835004690
1835178573
1835226296
1835580252
1835763870
1835784813
1836505226
1836534532
1836594223
1836604190
1836754329
1836768268
1837130861
1837235987
1837251784
1837321672
1837332476
1837659956
1837664243
1837719822
1837798856
1838285507
1838345088
1838350414
1838533372
1838895251
1839004317
1839073081
1839137346
1839425786
1839500306
1839760772
1839837313
1840067261
1840204732
1840308157
1840599024
1840631947
1840794269
1841236423
1841339033
1841390416
1841584334
1842011057
1842050006
1842486388
1843337626
1843456614
1843714074
1844085231
1844158601
1844238580
1844269206
1844523331
1844755488
1844810608
1845241556
1845793768
1845913232
1846014075
1846462126
1846527936
1846537891
1846760949
1846786959
1848194303
1848359087
1848476401
1848489424
1848766418
1848955293
1849168418
1849585929
1849666091
1849728493
1849796871
1850128395
1850179911
1850484506
1850669839
1851019200
1851032635
1852142868
1852268995
1852313577
1852445712
1852480611
1852673135
1852948074
1853025183
1853366542
1853630837
1854086705
1854314112
1854433183
1854729453
1855793935
1856728635
1857756843
1857791849
1857948330
1858249960
1858272995
1858336029
1858341963
1858488673
1858633703
1858668756
1858821823
1859352461
1859486112
1859568226
1859612346
1860071331
1860133720
1860308480
1860351497
1860662951
1861221673
1861679310
1861690912
1861811757
1862525406
1862640570
1862963586
1863584039
1863621918
1863815415
1863933106
1864109354
1864125274
1864256366
1864256825
1864607431
1865223522
1866547084
1866650522
1867377690
1867499858
1867809330
1867828605
1867866874
1868123705
1868353456
1868541484
1868620563
1868768768
1869061295
1869081622
1869277481
1869372695
1869398730
1869591721
1870400957
1870963688
1871406154
1871451820
1872027170
1872055457
1872180154
1872504144
1872904104
1872965939
1873463405
1873817612
1874608084
1874794727
1875038854
1875051668
1875196231
1875873671
1875894363
1876410944
1876697724
1876868515
1877284100
1877635647
1878283215
1878370142
1878580319
1878768788
1879331410
1879710697
1879931044
1879939618
1880194920
1880592293
1881053262
1881242492
1881569034
1881665766
1881706173
1881770371
1881832152
1882017783
1882126640
1882212694
1882426290
1882786906
1882937270
1882946322
1883065560
1883678916
1884535982
1884547804
1884695038
1885095234
1885426764
1885710896
1885817120
1885885181
1885941012
1886125062
1886496910
1886547592
1886572590
1886577192
1886961345
1887142074
1887248519
1887406112
1888348769
1888621565
1888760862
1889015454
1889312411
1889926168
1890162902
1890350522
1890549450
1890608524
1891679009
1891995128
1892105692
1892539760
1892582387
1892621554
1892747567
1893165455
1893511209
1893565073
1893689219
1893698640
1893700066
1893756093
1893974164
1894463225
1894581623
1894650651
1895716239
1896172264
1896728874
1896926982
1897284723
1897496225
1897563953
1897615405
1897686758
1897899252
1897999900
1898461868
1898837783
1899050021
1899262146
1899547140
1899553421
1899814398
1900042509
1900101587
1900595280
1900802029
1900895842
1901076754
1901161328
1901162206
1901342347
1901525841
1901767805
1901972644
1902084651
1902383904
1902405299
1902887362
1903126806
1903261879
1903296148
1903413417
1904622079
1905219641
1905655095
1905979799
1906422695
1906483333
1906501731
1906584289
1907465660
1907774814
1907803083
1908259867
1908581508
1909546650
1909658406
1909895051
1911344051
1911425370
1911759889
1911921376
1912339927
1912531430
1912674394
1913168913
1913217310
1913442904
1913576950
1913817627
1913845706
1914302202
1914770086
1915322826
1915356240
1915380911
1915616956
1915665177
1915873543
1916073610
1916233151
1916305811
1917080982
1917105692
1917354363
1917424507
1917549299
1917757965
1917938255
1918183794
1918443322
1918511071
1918633357
1918719502
1918768525
1919050140
1919484028
1920308403
1920309716
1920394058
1920559856
1920803361
1920865039
1920945343
1921227554
1921444413
1921504446
1921632406
1922529099
1923002602
1923660768
1923925096
1924012952
1924413775
1924592776
1924620970
1925050097
1925079640
1925093015
1925431959
1925708713
1925733681
1926096736
1926486002
1926841777
1927292652
1927523025
1927524894
1928081263
1928685613
1928887053
1929096459
1929311387
1929311433
1929322306
1929744669
1930401975
1930696288
1930808811
1931051171
1931119343
1931387212
1931534117
1932224622
1932469328
1932681468
1932729315
1933007001
1933154058
1933663354
1934168186
1934169277
1934257867
1934425648
1934831276
1934861054
1935015491
1935326991
1935775585
1935843813
1935906634
1936261744
1936420876
1936555443
1937305117
1937369120
1937847600
1937965984
1938590686
1938802750
1938917436
1938978207
1939918987
1939921088
1940377793
1940516641
1941160554
1941330354
1941386899
1942195909
1942223371
1942473404
1942485628
1942600652
1943078860
1943101101
1943428888
1943614964
1943874198
1943916243
1944116270
1944165802
1944240166
1944426744
1944481270
1944754011
1945005299
1945015599
1945141486
1945447999
1946216552
1946342661
1946420317
1946452878
1946493953
1946639749
1946655655
1946982692
1947024090
1947041827
1947471477
1947694338
1947990318
1948015303
1948196141
1948318224
1948817501
1948966908
1949622079
1949625760
1950269440
1950275127
1951001422
1951595479
1951600213
1952604000
1953303790
1953411665
1953486800
1953507779
1953627919
1953781399
1954106115
1954133397
1954274630
1954592015
1954658323
1954742972
1954804205
1955060422
1955486994
1956232855
1956336763
1956564815
1957200964
1957510848
1957547427
1957577762
1958041871
1958049697
1958113816
1958471252
1958935885
1958950991
1959226556
1959388298
1959666123
1960643912
1960860751
1961243248
1961401181
1961465878
1961495663
1961533107
1961671436
1962202715
1962321322
1962448855
1962754117
1962858914
1963057850
1963287097
1963343504
1963437406
1964370884
1964685442
1964786069
1964943975
1965012421
1965280775
1965604164
1965640656
1965693697
1965911980
1966227419
1966626553
1966822330
1967120840
1967168282
1967592534
1967828635
1968346692
1968531405
1968563128
1968608322
1968650728
1968727547
1968913406
1969208398
1969697364
1969840500
1970045489
1970204649
1970357683
1971642684
1971874840
1972033296
1972785676
1973003604
1973554601
1974311674
1974333549
1974679493
1974681904
1975107279
1975600535
1976027642
1976175333
1976248339
1976596805
1976639702
1976672443
1976952570
1977888193
1977994601
1978069547
1978254091
1978392600
1978457614
1978725422
1978924744
1979234127
1979329025
1979632390
1980494601
1980663662
1980743340
1981440594
1981602347
1981853222
1982055551
1982186091
1982268534
1982589019
1982633028
1982889413
1983160534
1983875462
1984156299
1984178745
1984606749
1984850839
1985141833
1985173980
1985484982
1986476909
1986549604
1986678416
1986830096
1987227400
1987437958
1987461154
1987698820
1987859098
1988453008
1988530880
1989235665
1989737359
1989859695
1989887221
1990053980
1990675879
1990745467
1990771417
1991071352
1991449643
1991960968
1992700808
1993082214
1993180415
1993888651
1994455598
1994501136
1994525927
1994742476
1994934932
1995040613
1995064179
1995145967
1995277088
1996147531
1996315784
1997004984
1997305529
1997511759
1997545980
1997642187
1997841614
1997989805
1998023174
1998073590
1998385188
1998478228
1998492728
1998701643
1999015142
1999048979
1999817670
1999970303
1999972721
1999995834
2000144084
2000354122
2000370504
2000588020
2000662625
2000785672
2001106082
2001260181
2001681410
2001738218
2001790085
2002988038
2003024100
2004351156
2004554825
2004622263
2004712140
2004866102
2004889220
2004985202
2005191130
2005388835
2005872339
2006133578
2006411512
2006991440
2007110400
2007373076
2007436728
2007713842
2008232411
2008279637
2008571130
2008675595
2008826078
2009137633
2009855764
2009860044
2010474696
2010670550
2010698332
2010917907
2011180228
2011290515
2012425549
2012488880
2013380325
2013939323
2013989496
2014635127
2014965891
2015434365
2015818931
2016188230
2016292204
2016347772
2016481822
2016679590
2016736563
2017050847
2017468501
2017564329
2017850364
2017876692
2017914425
2018506287
2018567681
2018823515
2018967266
2019077546
2019476593
2019741612
2019940476
2020418450
2020501552
2020557371
2020817418
2020976236
2021691597
2022081822
2022096176
2022170095
2022843470
2022846621
2023456141
2023641217
2023664945
2024096805
2024365602
2024534648
2024571589
2024618161
2024651283
2024806430
2025235664
2025355748
2025480753
2026085252
2026984191
2027328220
2027416936
2027424365
2027704741
2028746526
2028772522
2029111977
2029489107
2029502400
2029566979
2029689681
2029833544
2030197337
2030243579
2030411846
2030561196
2030787742
2031784381
2031796758
2032080139
2032443298
2032794487
2033139390
2033228028
2033340549
2033555286
2034141078
2034147613
2034597948
2034745777
2035021772
2035330200
2035848123
2036287247
2036599317
2036674931
2036788250
2036799333
2036922306
2036969444
2037107208
2037720477
2038578891
2039265362
2039384080
2039645150
2039815985
2040594328
2040786230
2040919815
2040967933
2041461643
2041650815
2041807994
2041816048
2041892555
2041970699
2041981168
2042358494
2042497273
2042689433
2042719843
2043166655
2043288335
2043656999
2044006166
2044020184
2044191752
2044779596
2045786912
2046091724
2046141735
2046324824
2046888532
2048300267
2048474104
2048822470
2048850741
2049166851
2049183645
2049609143
2049817780
2049844198
2051243861
2051279264
2051280226
2051661637
2052277852
2052776220
2052823434
2052891837
2053036679
2053226058
2053288143
2053548564
2053596001
2053763457
2054659566
2055297673
2055758181
2055809104
2056224689
2056274101
2056590713
2056888944
2057906295
2057962658
2058279126
2058318129
2058528141
2059213940
2059519835
2060076503
2060574684
2060667565
2060728863
2060884639
2060978240
2061030458
2061321849
2061486424
2061556794
2061824200
2062162613
2063044587
2063165501
2063183433
2063294409
2063324792
2063800104
2063829498
2063938797
2064242800
2064455905
2064666174
2065252717
2065528924
2065602697
2065936080
2066181941
2066319448
2066454345
2066621009
2066748608
2066909898
2067035267
2067086490
2067118985
2067517336
2067977825
2067994357
2068035497
2069425001
2069490426
2069732366
2069821863
2070360772
2070521176
2070630998
2070684212
2070689294
2070747519
2070887654
2071126249
2071352969
2071425444
2071562128
2071685700
2071850153
2071897691
2072163499
2072348884
2072408908
2072440274
2073762289
2074223418
2074473624
2074682890
2074744316
2074982635
2075788727
2075996923
2076039406
2076085231
2076117719
2076169622
2076171023
2076700457
2076843675
2077223901
2077658998
2077879930
2078015944
2078230927
2078542713
2078898546
2079072457
2079204398
2079302122
2079898296
2080013442
2080137733
2080454268
2080657011
2080786956
2080808957
2080815750
2081087748
2081971391
2082016338
2082498385
2082567207
2082580547
2082614274
2082647649
2083150694
2083231044
2083393675
2083529342
2083566402
2083658446
2083741937
2083797007
2084744770
2084938022
2085030263
2085486222
2085497664
2085817380
2086613279
2087023076
2088025564
2088044697
2088766792
2089732385
2089940172
2089958483
2090140614
2090279887
2090346895
2090883234
2091036789
2091290686
2091308096
2091533828
2091738156
2093055015
2093085303
2093765878
2093944231
2094018940
2094083079
2094651638
2095423021
2095588821
2095957193
2095965026
2096669149
2096670101
2096938899
2097419851
2097552489
2097743421
2099342793
2099349172
2099464344
2099568601
2100217824
2100338340
2100522301
2100709929
2100743162
2101044573
2101417351
2101481675
2101529966
2101657524
2101701636
2102096007
2102211616
2102488883
2102545884
2102685734
2102747113
2102838911
2103198349
2103558823
2103582411
2103822060
2104453047
2104613881
2105019501
2105139900
2106581305
2107176796
2107251167
2107486599
2107667396
2107890150
2108993872
2109045685
2109064817
2109286094
2109532365
2109607745
2109690785
2109804425
2109936447
2109942920
2110355515
2111027472
2112128620
2112328870
2112842914
2112875827
2113025746
2113152032
2113784800
2114221587
2115176546
2115724881
2115979495
2116156428
2116879100
2117195529
2117597163
2117619342
2117948784
2118177049
2118199017
2118214544
2118645187
2118738111
2118885794
2119324550
2119344420
2119639524
2119803911
2120204464
2120348479
2120526303
2120646293
2120693385
2120758173
2120800226
2121037389
2121928179
2122257847
2122428486
2122665278
2122746622
2122765272
2122801883
2123158649
2123197986
2123562863
2124831871
2124987912
2125210298
2125298260
2125330518
2125803282
2125997213
2126087619
2126512926
2127195250
2127323058
2127373004
2127504304
2128211183
2128397592
2128681643
2128841065
2128894147
2129033626
2130059102
2130082029
2130319736
2130623446
2131013794
2131412325
2131526430
2131566888
2132322919
2132619204
2132700321
2133106219
2133163926
2133451983
2134255252
2134284275
2134311583
2134345128
2134572885
2134854384
2134862675
2135178746
2135329791
2135560807
2135583825
2135812785
2136520779
2137160255
2138175058
2138722270
2138773706
2138840435
2138892748
2139104574
2139845204
2139940211
2140304433
2140444756
2141174760
2141381721
2141943023
2142978708
2143339550
2143642180
2143769856
2144217280
2144641475
2144845282
2145355037
2145663219
2145673010
2146263991
2146999058
2147344727
2147385457
