134151
238793
274992
861411
1070161
1155221
1476380
1548867
1767243
1817404
1857234
1892475
1999009
2778374
2835834
3224168
3320489
3417147
3596406
3612125
3685186
3985140
4017008
4202113
4360418
4772105
4781997
4803120
5368493
5393465
5595451
5993488
6115054
6338038
6667060
6910571
8471771
8706430
8826808
8906760
8992488
10381532
10890224
10929475
10989790
11835272
11961689
12273354
13308409
13503175
13838456
14398540
14491115
14729908
15085740
15347685
16704539
16722417
17043758
17135504
17756272
18319028
18419023
18856516
19006758
19271161
19296666
19418880
19816911
20555533
20603773
20827235
20853545
20922207
20981917
21133544
21284878
21376274
21735833
21846618
22064049
22310945
22489033
22517294
23293048
23469137
24301945
24690714
25108212
25491765
25797175
25843986
26286947
26418999
26802860
26903560
26909552
28058562
28327400
28355577
28981399
29066839
29648670
29682337
30209806
30597772
30722940
31107901
31283080
31356596
31389657
31535630
32011701
32039744
32538006
32848748
33200786
33500389
34948908
34996111
35101728
35963783
36075357
36170556
36763933
37067503
37234703
37311738
37377737
37765534
38119420
38124696
38378340
38761648
38905350
39068349
39457054
39836150
39935411
40240314
40320672
40548136
40582736
40698408
40728909
40948952
41555314
42383012
42666469
43296970
43373914
43427138
43484865
43548765
43678759
43735915
44077853
44084819
44208684
44604832
45191014
46293935
46532980
46856690
47034853
47046661
47603822
48039969
48143148
48257740
48444520
48758181
48770047
48920308
49020566
49330618
49364801
49376605
49536289
50160752
50255029
50397219
50881598
51280598
51299261
51343030
51384351
52520724
52624645
53029819
53412822
53706285
54192080
54346202
54369932
55092421
55093053
55127900
55452026
55664761
55725028
55955410
55994619
56112692
56674978
56683792
56772721
57292969
57645193
57647761
57952440
58272659
59275795
59487654
59999433
60067245
60074962
60388519
61250303
61411866
62143680
62315861
62419747
62790860
62956248
63149234
63582913
63626221
63794902
63922472
64236387
64557990
64842774
65074552
65281392
65286668
65305357
65395805
66094882
66493594
66589391
66602886
67045344
67387028
67427253
67689269
67787351
68007126
68347268
69329184
69801826
70259664
71001961
71143171
71623508
72166156
72633281
73072210
73467280
73852901
74260232
74404952
74476096
74636130
74744422
74899344
75064549
75117844
75293939
75363997
75806135
75888984
75952114
76152944
76187752
76552405
76597976
76650038
76656589
77022275
77255443
77396127
77408924
77520917
77548755
77559540
77651048
77979361
78153965
78520204
78746797
78876240
80167721
80890203
80925764
80990427
81220944
82836814
82912337
83239483
83370581
83774379
83791863
83796426
83811791
83967706
84422952
84927578
84989514
85413193
85442201
85974956
86183941
86665806
86903659
87346448
87404731
87497493
87735967
87980774
88205064
88545969
89460991
90329549
90457934
90764632
90776528
91180285
91435689
92084168
92528291
92918627
92952077
93379339
93761408
93960439
93962770
94156557
94202366
94267831
94303604
94966040
94974796
95101842
95270298
95838637
96217418
96346833
96480184
96561198
96568802
96649355
96649717
97217805
98253406
98348152
98547874
98621016
99158129
99488619
99713169
100368676
100985900
101154784
101245876
101562832
101592142
101969803
102657227
103044850
103198936
103210743
103266887
103327045
104087101
104202268
105134285
105659944
105731380
105874657
105998130
106064247
106427833
106583710
106586337
107242749
107249050
107455792
108078940
108275030
108579702
108917239
109143940
109314472
109787357
109938648
110237267
110263196
110514827
110585168
110646539
111704495
112613125
112631951
112676566
113026676
113058714
113438459
113623475
113756696
114323139
114748360
115459675
115515989
115555172
115620549
115719395
116330605
116639079
117328877
117338013
117484333
118075913
118393950
118427967
118565534
118778308
118782761
119481956
120014499
120213316
120332302
120633067
120643344
120914543
120965604
121212118
121521452
121647137
121870547
122610161
122916908
123048018
123130381
123533949
123539511
123780738
124124124
124410684
125298031
125780377
126409786
126780480
126781153
126875221
127091762
127531568
128051671
128095157
128175535
128252620
128529445
129423207
129720636
129724842
129805397
130180939
130324330
130366836
130619928
130650221
131278174
131370925
131586997
131768459
131932592
131992257
132132437
132217095
133166881
133261335
133289240
133338913
133821770
134036861
134253207
134323202
134482824
134793865
134808880
135136942
135196249
135935788
135950866
136212875
136249527
136322988
136543481
136582161
137435750
138077932
138287027
138553748
138878242
138962728
139246335
139869530
139964945
140200658
140281642
140594056
140949311
141457483
141511316
141562875
142034775
142081192
142199092
142397802
142424210
142574869
142579491
142933318
143113649
143385363
143509885
143788166
143811040
143975882
144271239
144411123
144535892
144680683
144840645
145001948
145256334
145592737
145688279
146185281
146247895
147199281
147382419
147467268
148061713
148120797
148294977
148332729
148352844
148359930
148600236
148793883
148977638
149097467
149437592
149518414
149663375
149768949
149840344
149877024
149885603
149921778
150259501
150413035
150629490
150756741
151116638
151257823
151291739
151627081
152365541
152848109
152981846
153072093
153171530
153404652
153425823
153765862
154840365
154972089
155354841
155612603
155845033
155869901
156009984
156210485
156468719
156673909
156725627
156997389
157227779
157229921
157324479
157387542
158099093
158402999
158983699
159226425
159613492
160348736
160399760
160713717
161877111
161937903
161938779
161957871
162064494
162386506
162424740
162828837
163056172
163319989
163449490
163861648
164023975
164269270
164758242
164881592
165102998
165158749
165748335
165852742
165865211
166632035
166759408
166883207
166954148
167483260
167657628
167659232
168196627
168680163
168680202
168690704
168711161
168753285
169191648
169362833
169366640
169612932
169891682
170733903
170824734
170866307
171117280
171499150
171543689
171550682
171883029
172201891
172833488
173010579
173216765
174349851
174489536
174745324
175277591
175859568
176105999
177144180
177152236
177496800
178188895
178906569
179386665
179393700
180710830
181002619
181121951
181247404
181248244
181368782
181378200
181494991
181665084
181861156
183019148
183047267
183966427
184115452
184836242
185286341
185451793
185472602
185898211
185996076
186474276
186545469
186681634
186813796
186845173
187449695
187658279
187894279
188245550
188275279
188407707
189519770
189893598
189936418
190757991
191100723
191607258
191799827
192060690
192147883
192164517
192235828
192362028
192391389
192520004
193702299
193797192
193857018
194042759
194143399
194614245
194672280
195370572
195888008
196120770
196338529
196699373
196845288
197008084
197158512
197225340
197729661
198027486
198160462
198325231
198470712
198583506
198594076
198607873
198952190
199460667
199483085
199735517
199854763
199931157
200121236
200143486
200202377
200488333
200752234
201121616
201292645
201522778
201583719
201666277
201689656
201928221
201987774
202036178
202135274
202354455
202533876
202699888
202850951
203354475
203429728
203831061
203937317
204115889
204128254
204465563
204501912
204599720
204929976
204957061
205251010
205265682
205904886
206496248
206732286
207521539
207533364
207732863
208212293
208461458
209168259
209692229
209779600
209945374
210066986
210101369
210271292
210631872
210800609
210833565
211173020
211311687
211473882
211948061
212240162
212619131
212636029
212901811
213322556
213416124
213520791
213563033
213663892
213859629
214504610
214725631
214962707
215433910
215672220
215907721
215959418
216073764
216213512
216521980
216527090
216869925
216962511
217032803
217391983
217675588
217698848
217738846
217903583
218102172
218442898
218658003
218715454
218983166
219164883
219190349
219221405
219234390
219723915
219845814
220104665
220429920
220515524
220633959
220821464
221024805
221284736
221388249
221471115
221554433
222009764
222213979
222737367
222868518
223036618
223116171
223211217
223237143
223717991
224911597
225469566
225952815
225988608
226147266
226340440
226629436
226955797
227041407
227072231
227089949
227126044
227432400
227677123
227823879
227859515
228063410
228714179
229084735
229143057
229609903
229835497
230297528
230517017
230767777
230851979
231181020
231274259
231862644
232911754
233833670
234481698
234832613
234842491
234932811
235115721
235145558
235152673
235517098
235764451
235814921
235881121
236322926
236346558
236361901
236437586
236556169
236646737
237041676
237149259
237211636
237237565
237302969
237423516
237519585
237781794
237930612
237983219
238044737
238079387
238166258
238593670
239359209
239589810
239646861
240624106
240982185
241134351
241212694
241231085
241231726
241426844
241508972
241724032
241757981
241835989
241973252
242099773
242727093
242788208
243070986
243075376
243352961
243717009
244340349
244674979
244958303
245145058
245206666
245217472
245426250
245841947
245849220
245873057
245884273
246180519
246420641
246733006
246741307
247564490
247688549
247861308
247873775
248065914
248138940
248232348
248835764
249129477
249200638
249918495
250276595
250858050
251225125
251676382
251758216
251800922
251832140
251915292
252046935
252170928
252355486
252701237
253054008
253123491
253397516
253628424
253672720
253800392
253808825
253831089
254080645
254104046
254131225
254157430
254186287
254382276
254458436
255011215
255028454
255252617
255542266
256128839
256420805
256598416
256869949
256870631
257153739
257385212
257741177
257794507
257810582
257922302
258260439
258331406
258905330
259248470
259403117
259593743
259707116
259815699
259975182
260059203
260060435
260212325
260217498
260636993
261468550
261573918
261651516
262451358
263042712
263341322
263415118
264054889
264068096
264268350
264269460
264498637
265405837
265470375
265470479
265622707
265700434
266128385
266143817
266319438
266626166
266724941
266829093
266853345
267153408
267200294
267461763
267723035
267827940
268780232
269214993
269687728
269781955
269838887
269988924
269989104
270009962
270194005
270654177
270874390
271259976
271289009
271513297
271517296
271847572
272147515
272381549
272395055
272403755
272500111
272804030
272829670
273223730
273235065
273258481
273265903
273710797
273719037
274177169
274196723
274268300
274442346
274997126
275459210
275522115
275608044
275796643
275989002
276916664
277414829
278544936
278957577
279019742
279025282
279028486
279868420
280221831
280412407
280446971
280607904
280921342
281157335
281225858
281915610
281987688
282256109
282493326
282805004
282899109
283008156
283291541
283773480
283895688
284197626
284684707
285080168
285671661
285707818
285796456
286048814
286301925
286305563
286393729
286471157
286588169
286688692
286710553
287134192
287138099
287198562
288142933
288384843
288694635
289190176
289264594
289358673
289793674
289948939
290109885
290456457
290811781
290811838
290948589
291209750
291305707
291457744
292166985
292228735
292396800
292856690
292903622
293426217
293703192
294262725
294445053
294578342
294699983
294849952
295251339
295623660
295905227
296368640
296668390
296668771
296686555
296895939
297362923
297640356
297882703
298122974
298239530
298565904
298743875
299049057
299575609
300334633
300695738
300789143
300836358
301901577
302234413
302836107
302882669
302966887
303043457
303174217
303324713
303739792
303940092
304126888
304146867
304157963
304261663
304424249
305290016
305312500
305341113
305376233
305660849
306138510
306306278
306547773
306643461
306780042
308037647
308327387
308775430
308921742
308966811
309003846
309770085
309833833
309904168
310046230
310260770
310268104
310414666
310652573
310702463
311599701
311600427
311764339
312048735
312537717
312878546
312903003
313158012
313208040
313687297
313726178
314134459
314182582
315870250
316044033
316151266
316410754
316856276
317323357
317455418
317710276
317765881
319236281
320236777
321215380
321301205
321698845
322237213
322347048
322568236
322897340
323299498
323305333
323385766
323433738
323463149
324019973
324158569
325014830
325175746
325555848
326239610
326250408
326382676
326589816
326896631
327005669
327244708
327458991
327481636
327808934
328071861
328136695
328217596
328392683
328627990
328778464
330195540
330222977
330555683
330941894
330961315
331864616
332105199
332391476
332527185
333158617
333826428
334380297
334795907
334911471
335055770
335236444
335518582
335598175
335668797
336179647
336819894
336952690
337362036
337519008
338140448
338412805
338753844
339243535
339444539
339612168
339780803
339915657
340033604
340174234
340939643
341161737
341289885
341419959
341962975
342144485
342204694
342208295
342283525
342534808
342645980
343611013
343634104
343698715
343881541
343898101
344083002
344144678
344929217
345158928
345258777
346162505
346366882
346729759
346935456
347264126
347362936
347585101
347938343
348076917
348167913
348421469
348920294
350484967
351307816
351548606
352072754
352073024
352556011
353537345
353673514
353823996
354817055
354892936
355160788
355272610
355559874
355742867
355864747
355953862
356133209
356150166
356229732
356408516
357214090
357987378
358056859
358148052
358322972
358581968
358584687
359003171
359061821
359492363
359560433
359764607
360201408
360449234
360796289
361339616
361345491
361386885
361901046
361927247
362039234
362316617
362535660
362784554
362965382
363290103
363526198
363526851
364068822
364231845
364281968
364429007
364531095
364583652
364585258
364700526
365362499
365547073
366101325
366659318
367115160
367158510
367714591
368310211
368515494
368549716
369095860
369821386
370148105
370297732
370348995
371104348
371131247
371243005
371692156
372085946
372455934
372619147
372790600
373174202
373189287
373490614
373682728
374171903
374334380
374846994
375047026
375438656
375660967
375690049
376229947
376264392
376568045
376903068
376948465
377334650
377475739
377687809
378001772
378080214
378349827
378588876
378985911
379111756
379120479
379261347
379605669
379675438
379735007
379761039
380052819
380352226
380424479
380514128
380960515
380967270
381299369
381492204
381723509
381868914
382527711
382960365
382985828
382991564
383006802
383147885
383184798
384092991
385040695
385241944
385265503
385346161
385583155
385585978
385655484
385737309
385866597
386433022
386861272
386989183
387293167
387448007
387937719
388211669
388321187
388434932
388571964
389021876
389198455
389682043
389963116
390049359
390231885
390358323
391159685
391831596
392503587
392747812
393730090
394105844
394392426
394976300
395197131
395247689
395256312
395862674
396049443
396186436
396325059
397849405
397899052
397981201
398022878
399105938
399255144
399588136
399594277
400038540
400205657
400435933
400546743
400568949
400570316
400617949
400762044
400885834
401494868
401621564
401849628
401978638
402172648
402680428
402746841
403247573
403866626
405304153
405419192
405505246
405634871
405987332
406460014
406613640
406682747
406930467
407719189
408097220
408748758
408954180
409767451
410795996
410895422
410907198
411154570
411318487
411616733
411709657
411959988
412398775
413062872
413184296
413552396
413897635
414065437
414187779
414287087
415032285
415097435
415177022
415187113
415255687
415372783
415396653
415429304
415904162
416077791
416201091
416276653
416527917
417234219
417236938
417258315
417654058
418436627
418573521
418736852
418923708
419482377
419616076
419858614
420340549
420667634
420681330
421209161
421450000
421686955
421988683
422035816
422818647
423076976
423542040
424333381
424426123
424465411
424588918
424774350
424786398
425199735
425493692
425865082
425920014
426124412
426477221
426662724
426697352
427132225
427232524
427340017
427534465
427823497
427923536
428105853
428128856
428461731
428479806
429266020
429349302
429450244
429489558
429618051
430161203
430487201
430628833
430763649
430998311
431066352
431109247
431119263
431189849
431351474
431514828
431789681
433284911
433715945
434255803
434355982
434975162
435051830
435180515
435212868
435385746
435489944
435497196
435746932
435920004
435950167
436023738
436631526
436717788
436833179
437226420
437552273
437637663
437693000
438042648
438153306
438198888
438364037
438423906
438601069
438925021
439617564
440775477
441197493
441439588
441567975
441601808
441914160
442165750
442444167
442614263
442703403
443116522
443231067
444173451
445183886
445200646
445307898
445322609
445698479
446231700
446670896
447614072
447648469
447777315
447800749
448156253
448712864
448912952
449123598
449460260
449475700
449865749
450159317
450604188
450794153
451628947
451927156
452112843
452156339
452348001
453235470
453243329
453342412
453453715
453509646
453559686
453595420
453651422
453686530
453843014
454674695
454780291
455729677
456423754
456511227
456700827
456843709
456855855
456973526
456973832
457304726
457855630
457900992
458434252
458952133
459209743
459377145
459471216
460039590
460084044
460318992
460603698
460666862
460985210
461328202
461353539
461363690
461558477
461752403
462061813
462277622
462416865
462537213
462982285
463079035
463380014
463558555
463651607
463718515
463726374
463933871
464098358
464558459
464745642
465429022
465487040
465697950
467358816
467363952
467394723
468063536
468294498
468351171
468400044
469911662
470115602
470348407
470400731
470619866
471032068
471499141
471803686
471860964
471900588
472148939
472226127
472271411
472583360
472956714
472998332
473009046
473625735
473778986
474845839
474860571
475205633
475246508
475489196
475520548
475586135
476113963
476397692
476519370
477105951
477436937
477896422
478311963
478883148
478956751
479283223
479306312
479325972
479904462
479907012
480369440
480397702
480567999
480686482
480696594
480911033
480941377
481153192
481958742
482984494
483188705
483269173
483274650
484148532
484214631
485099123
485129599
485297444
485352555
485574226
485810041
485867906
486119597
486242975
486261245
486493179
486612941
486705756
487141020
487181056
487420370
487923422
488412993
488885187
489284203
489299573
489439665
489998553
490054322
490255483
490286689
490641114
490908481
490967717
491311582
491741373
492418929
493296600
493637650
493857536
493992696
494000456
494128165
494220144
494466554
494701927
495084328
495255335
495355890
495526631
496005423
496230844
497019516
497055249
497083414
497171417
497210707
497260643
497361825
497417906
497450945
497872588
498497779
498534028
498587790
498858527
499404122
499447939
499898800
499961402
500036070
501181823
501307933
501427057
501483753
501642556
502237378
502417923
502449951
502465274
502616978
502728095
502854165
502957603
503028310
503271468
503427305
503656561
504056954
504120230
504957530
504969251
505322676
505524310
505565823
505791612
505890249
505990543
506423806
506772310
507595505
507854720
508092723
508096917
508200017
508337563
508359377
508445715
508593260
508871999
509231295
509314035
509618562
509635965
509723241
509735503
509970358
510050913
510200285
510479707
510496057
510683705
510742364
511079499
511394124
511740466
511861563
511881164
512356457
512602826
512847824
513248312
513339811
513616430
513711221
514235089
514308841
514369756
514529345
514683243
515281082
515544891
516194285
516463036
516471976
516592721
516787377
516794126
516910592
517325163
517510828
518144516
518661731
518991887
519191309
519865463
520181809
520524838
520569626
520921361
521036896
521240327
521523888
521606120
522173943
522433418
522449835
522706888
522870954
522934676
523016127
523048547
523156390
523226038
523464635
523926927
524077410
524402255
524510328
525262850
525285857
525417165
525568702
525945934
526393587
526741958
527317318
527562708
527906863
527980754
528386077
528944793
529264463
529522110
529687807
530159853
530791161
530837597
531008289
531319151
531433802
531725238
531941581
532382774
532556918
532609244
532635251
533711285
533799082
534314761
534377547
534501428
534912462
535539992
535554310
535582344
535720235
536332452
536871464
537095523
537387651
537708144
537873810
538486054
538690864
538752287
539609167
540025907
540566200
541067774
541291162
541349149
541403862
541562715
541638167
542302163
542856253
542877510
542983476
543009125
543123492
543351265
543968157
544667623
544701853
545076436
545175684
545323775
545621797
545656192
545675970
545997699
546125418
546227074
546361562
546444925
546457397
546549252
546598121
546698260
546954864
547387803
548191946
548874714
548992585
549013424
549136597
549152920
549205207
549224139
549753617
550057519
551685605
551752518
551977475
552158149
553897622
554424860
554955585
555014112
555328355
555431314
555879640
555974754
556031535
556149204
556164297
557112844
557797131
558100271
558232009
558538417
559279493
559786226
560669430
560670002
560920454
561168937
561315743
561497000
561570226
561624741
561655880
561700182
561874753
561959532
562266282
562391239
562822590
562853793
563349291
563717153
564729526
565087099
565242824
565845285
566231822
566398063
566470246
566661684
566890491
567043078
568582778
568835722
568858692
569231711
569750262
569781281
569997364
570921113
571016100
571295046
571469276
572772272
572817111
573373442
574176722
574246913
574986431
575066971
575084164
575154340
575904760
576057792
576372482
576740363
576977922
577026853
577428191
577671670
578162535
578323258
578768245
579039818
580428942
580932663
581062870
581504021
581555559
581605709
581678809
581817931
582268432
582436022
582542975
582564039
582673665
582859168
582957929
583079982
583254745
583398389
583426793
583470365
583578404
583637391
583837223
583912155
584137912
584188609
584238475
584667051
584847479
585096085
585155325
585847773
586002184
586223822
586498022
587078862
587632303
587860294
588840916
588955581
589235822
589293120
589316329
589432890
589544854
589647915
590072779
590114500
590265428
590285591
590676505
591358077
591464249
591791104
592441209
592524119
592843095
592903812
593373964
593376008
593605972
593940942
594031208
594092194
594461209
594786223
595212681
595227041
595450067
595553440
595643864
595787582
596438494
596557858
597844618
597996088
598185447
598366750
598399629
598459309
598503165
598551773
599222796
599827712
599955450
600027504
600446172
601050683
601505991
601904825
602161449
602281639
602485563
602626903
602750995
602984743
603804101
603807292
604227883
604456001
604506812
604579508
604789584
605002256
605148476
605951283
607061670
607080982
607329153
607349419
608461433
608509863
609298085
609953512
609957460
610409742
610510332
611806825
611987192
612048123
612159789
612774624
612832559
613434520
613502253
614033598
614180596
614600045
614915244
614989632
615033220
615718862
616463713
616472279
616790727
617063935
617108340
617112805
617148087
617516891
617791709
618012580
618195409
618319379
618341789
618538801
618832749
618841602
619665342
620236209
620345084
620471294
620490444
620912952
621295462
621299078
621506145
621719603
621824344
621983539
622331860
622554149
622688612
622810271
623034427
623239531
623354362
623820913
623883177
624052842
624243022
624862185
625171146
625580223
625683479
625904107
626066623
626152055
626485784
626603847
626616701
626626210
626671400
627311868
628425129
628557614
628926138
629400502
630247330
631267520
631663699
631965908
632465518
632675275
632715508
632802974
633034475
633171488
633375509
633507063
633580259
633590289
633877526
634159541
634177411
634827244
634828293
635274077
635481386
635560211
635624398
636126104
636381899
636478475
636831345
636843182
637041312
637574087
638324161
638389120
638613136
638718813
638898839
639430503
640005925
640109805
640205738
640556981
641433058
641528943
641948621
642205419
642417795
642437917
642736040
642864967
643120138
643190324
643216533
643393992
643817658
643828501
643872520
644282604
644503556
644624825
644626273
644793359
644801758
645196008
645196668
645304247
645436013
645580428
645724168
646404163
647375913
647886867
648062604
648408552
648447963
648672222
648697954
648817844
649376861
649798528
649935406
650001234
650193826
650837589
651892032
652020092
652172679
652233881
652263331
652321588
652566540
652703996
652795186
652801092
652843845
652882303
653379935
653471495
654035123
654081652
654145657
654719405
655452111
655461051
655630769
655875761
656648581
656981982
657177171
657251698
658187122
658393509
658865743
659114596
659159205
659226893
659327710
659418810
659777189
659875686
659965494
660036581
660979086
661249015
661538657
661690370
661767531
661845994
662254735
662429047
663125651
663613754
663856603
663886271
664422268
664450574
664507663
664630839
664757938
664907530
665267409
665486484
666203926
666708394
666828653
666830817
667061300
667254090
667395631
667735104
667896791
667957471
667976035
668214247
668476431
669153723
669224665
670029695
670030401
670639322
670810978
671573190
672110851
672878092
672923181
673169505
673335060
673570996
673620825
673812687
674157386
674908581
675006004
675644674
676059786
676087483
677508600
677879258
677892675
677920639
678058795
678064016
678491781
678514340
678520580
678932917
679583262
679745455
679840417
680065592
680109011
680145439
680160862
680234920
680386947
680592285
680774813
680893777
681148614
681621973
681927420
681950155
682356878
682910089
683179106
683250295
683417184
684183265
684364820
685429184
685515009
686760743
686833408
687468859
688114200
688301409
689592260
689613078
689942621
690391952
690473642
690487670
690994812
691437775
692154188
692182162
692329520
692563318
692701028
693307270
693308419
693949725
694289786
694422310
694625503
695984115
696111980
696351061
696784154
697329627
697423157
697463008
697575409
698083705
698215570
698299008
698569985
698619916
698692669
698958446
699064759
699172283
699553443
699595465
699657328
699687699
700586795
700742842
700746536
701035593
701061093
701162262
701309858
701380770
701388929
701456233
701659850
701663607
702023583
702143066
702302431
702341799
702611222
703727558
704832797
705739529
706234835
706552409
706552904
706564861
706931456
706945127
707002829
707197216
707302949
707494910
708706286
709292357
709540745
709743057
709767523
709875404
710102600
710174634
711006835
711692759
711791441
711826754
712060812
712197492
712398804
712444482
712519508
712712807
713097586
713360042
713933400
714268531
714679451
714901987
714968694
715289541
715431847
715782948
716301450
716502539
716564847
716936223
716953687
717165487
717778549
717804483
717865131
717999659
718401586
718553754
718599018
718924396
719007117
719156839
719589018
719682204
719989089
720051018
721061895
721308068
721475652
721522012
721656812
721712217
721716311
721835474
721939858
722123546
722263978
722550924
722621146
722673807
722826289
723027027
723038492
723214995
723223728
723411587
723433490
723533501
723556896
724145000
724523492
725069988
725357696
725603621
725713574
725783299
725907354
725977978
726143374
726290506
726682406
727348495
727903646
729023256
729459041
729513761
729830234
730193235
730393443
730575606
730665457
731335490
731839819
732047688
732541453
732841201
732850009
733238476
733270451
733619404
734453021
734580461
735411357
735786857
736495588
736523701
736539109
736687119
737084978
737593261
738190086
738216654
738630315
738707028
738772450
738791200
738908437
739602354
740086931
740105279
740273444
740322812
740377858
740583401
740638515
740648434
741042745
741136618
741182307
741461796
742168053
742430310
742485778
742591822
743026138
743111197
743403343
743823020
745070622
745289031
745299700
745324544
746541350
747033845
747102841
747167331
747581736
747749418
747768450
747785870
748058674
748230444
748250982
748488734
748903423
748927462
749053676
749112176
749239017
749417658
749457045
749531602
749591425
750030900
750077972
750151709
751052142
751229674
751967308
753517518
753659205
753760219
753807600
753842996
753871732
754523451
754666282
754780123
754867913
755208999
755310872
755446597
755512624
755774054
756008403
757694468
757868310
758637103
758791965
758792856
758815877
758863021
758927873
759374772
760399054
760598627
760816442
760851049
761157423
761489781
761504370
761505442
761592223
761722443
761789289
762404149
762789646
762978453
762979175
763569046
763765968
763911608
764247993
764521292
764844207
764963722
764997489
765676387
766053501
766213282
766324294
766550505
766674511
767020030
767412857
767696653
768530386
768817106
768841449
769262728
769511243
769731600
769832361
770181859
770313536
770448468
770532488
770741087
770871474
770963643
771560303
771781253
772674411
772730220
773100022
773125278
773207336
773249183
773639528
774178146
774363901
774474674
774604960
774861908
775001806
775239905
775312923
775386415
775662621
775924240
776010334
776258865
776611197
776670182
776713592
776828868
776966612
777656329
778419010
778601070
778923170
779132710
779134165
779558779
779616635
780088814
780191869
780613466
780648473
780944172
781335943
782259369
782288141
782309048
782392935
782413274
782724241
782893692
782948405
783014507
783335516
783407138
783873859
784060908
784149325
784497572
785220795
785338061
785533578
786091820
786187441
786530092
786532306
786712495
787103078
787169621
787528745
787638103
787668376
787694710
787788464
788091821
788310301
788583504
788957453
789326224
789465522
790009078
790099941
790572409
790758827
790903211
791244854
791597610
791644674
791905666
791941198
792153889
793208971
793439251
794613899
794821435
795274582
795705798
796045840
796117412
796153942
797077561
797457115
798520865
798665537
798691981
799026209
799120873
799149977
799188329
799235645
800005970
800155911
800262887
800626636
801180466
801815330
802098302
802147042
802701473
803751568
803982735
804000219
804065275
804082719
804213105
804230371
804249017
804285383
804436857
804878771
804967581
805708092
805765288
806377302
806965969
807021361
807691144
807755651
807991340
808077277
808151611
808471216
808785194
808797855
808836562
808985433
809198926
809233882
809685248
810089693
810089737
810877738
810980605
811085552
811555017
811633392
811885745
812039378
812404592
812475325
812823922
813629456
813923532
814208854
814296507
815062117
815690520
816028542
816423467
816773650
817135848
817503063
818473210
818514979
818777769
818909886
819103271
819411984
819412767
820399647
820401588
820853256
820957229
821222489
821700737
821894765
822394601
822452246
822932190
823033530
823673008
823739856
824229871
825086711
825229829
825462842
825570202
825667319
825757196
825989987
826285699
826597302
826832531
827132237
827342686
827492812
827617218
827761165
828433557
828963675
829061662
829467081
829525407
830066369
830447902
831144484
831164658
831282488
831406256
831435547
831550194
832072847
832283611
832704156
832785689
833539240
833696297
834341699
835428684
835455394
835514896
835705892
835732481
835791354
835959045
836022453
836331433
836427626
836708533
836753074
836754633
836993297
837270758
837279047
837495400
837946658
838136785
838178422
838318446
838358964
838714309
838736461
839304277
839484036
839676100
839786978
839787180
839941175
840591639
840602552
840990758
841563973
841731278
842401962
842484640
842953853
843409082
843941570
844178737
844279595
844943007
844947223
845188313
845386134
845650868
845792319
846127591
846136138
846448145
846492550
846682124
846882579
847310761
847323450
848572411
849601556
849786311
849990689
850202098
850522305
851035823
851251289
851404478
851530506
851567714
851639465
851663374
851816121
851853658
852538320
852837607
852936733
853015878
853993175
854094661
854175040
854198178
854224630
854441056
854510995
854662895
855184906
855234278
855469534
855608452
855953358
856409516
856438171
857055596
857077207
858590602
858760871
859247601
859458589
860167788
860332370
860551005
860986564
861178889
862154146
862295081
862905212
862921564
862993974
863041433
863042803
863052068
863811813
863841689
864275089
864598407
864698891
864834699
864838687
865346244
865628062
865636068
865682175
866154148
867116417
867368745
867666934
867797850
868034003
868375265
868674336
869086648
869620542
869905149
869969786
870091267
870167124
870623908
870662554
871307408
871310940
871410187
871647527
871967180
871980523
872725202
872744603
872829429
872874914
873361296
873477121
873543069
874121624
874650106
874798420
875195388
875307204
875338240
875369687
875506966
875543847
876152039
876416956
876446681
876489229
876739137
876969934
876984856
877126097
877311618
877784080
877878785
878235160
878436679
878567214
878756056
878946808
879211458
879556111
880061866
880472216
881305207
881398996
881406388
881471599
881707533
882030433
882753559
882884290
882941191
883379731
883380277
883386321
883487219
883768813
883871463
884534292
885114460
885273489
885430345
885460246
885734254
886291247
887104250
887273129
887623078
887871049
888127747
888155677
888235402
888236691
888452513
888510394
889136326
889264616
889411091
889551658
889858256
889865413
890562619
890798615
890838970
890886333
890899639
891173884
891353533
892009541
892027953
892160352
892237422
892330483
892382434
892749974
892770027
893140799
894183009
894425985
894822086
895018294
895082731
895195775
895213058
895663584
895817497
895831299
896084388
896246945
896522423
896578092
896724190
896751590
897159333
897493024
897714338
897819731
898063149
898174624
898596864
898771170
898987233
899079455
899102773
899288525
899371872
899613089
899710187
899753037
899794297
899978742
900014915
900952992
900994188
901131769
901893791
902190153
902232209
902359068
902391147
902407152
902603816
902811104
903138315
903258187
903335404
903764775
904568966
904611647
904736130
905112606
905153131
905693784
906452548
906527113
906874748
906979983
907689987
908039140
908166796
908314027
908390217
908845724
908874682
909287740
909365247
909509640
909541238
909628096
909691452
909743700
910238246
910873274
911006277
911198032
911999966
912082649
912211375
912302713
912422234
913087814
913224608
913607456
914100738
914467151
914491753
914546630
914650806
914843399
914945667
914957230
915002270
915019933
915136422
915263174
915348514
915385617
916816392
917317799
917954005
918305874
918505646
918645911
918878152
918927240
919348803
919626759
919866683
920318928
920335199
921408194
921939145
922418620
922467060
922737098
923309370
923429952
923671786
923967375
924069903
924839593
924846456
924905399
924936200
924958502
925021141
925109640
925302300
925324185
925569132
925599044
925824049
927537446
927561697
927926841
928057954
928161907
928501460
928597104
929010209
929076959
929109007
929311874
929780654
930009266
930109036
930358695
930369507
930674322
930768099
931149326
931424090
932029086
932092602
932892998
933550508
933880868
934194182
934224770
934263392
934316637
935168787
935178048
935374842
935420610
935608979
936024370
936191300
937121661
937191905
937557156
937998559
939181163
939187370
939218230
939317204
939527557
939918956
940001519
940511699
940519677
940581619
940802718
940832792
941183028
941296331
941310295
941449244
941705404
942091793
942811704
942829685
943513151
943566851
943614746
943822508
944312012
944706140
944706300
944745057
944814204
945029663
945612494
945685152
946038958
946057356
946277048
946360080
946610600
946892759
947517920
947520910
947921565
947972372
948723158
949142828
949873647
949942817
950014694
950471945
951674738
951691257
951868393
952007216
952130133
952136108
952323263
952354664
952933881
953137117
953149436
953224623
953628003
953684836
954159017
954361959
954487715
954714281
955463958
955644959
955886333
956002765
956295444
956469276
956509543
957302602
957748342
958192690
958362916
959657784
960307604
960700793
960740544
960808340
960940966
961128437
961529203
961611859
961797736
961798661
962305724
962445477
963162860
963320771
963468202
963500487
963733258
963801661
963814102
963984670
964196145
964257276
964345832
964394384
964611263
964620792
964683710
964769577
965428316
965458894
965507948
965574948
966242833
966337172
966366555
966371690
966761070
966855993
967603225
968065390
968151537
968335117
968642430
968747419
968780446
969079135
969584636
969845687
969971974
970044343
970426870
970726580
970733007
970799140
971010996
971640684
971682501
972069134
972264847
972286851
972396396
972642372
973194297
973952346
974194424
974500039
974962460
975128412
975327861
975428677
975475013
976194814
976584796
976813830
976868339
977150203
977468471
977628171
977797928
977845413
978206937
978938862
979256346
979352465
981466280
981635827
981771420
982225134
982956289
983045215
983146444
983150183
983270655
983293769
983629085
983826501
983902564
984137630
984181429
984191005
984310065
984531112
984569717
984860271
985052974
985864451
986177541
986540716
986805467
986905767
987603346
987762429
987991880
988123220
988744833
988947936
989821988
990151989
990585574
990838582
991035204
991194463
991510249
991568915
992531846
992710410
992813454
993172756
993640843
993933996
994162324
994266829
994327967
994410020
994443491
994574158
994720650
994949797
994963867
995511413
995572274
995794935
996077092
996156091
996398589
996605502
996901646
997024576
998075638
998734472
999423534
999617345
1000362605
1000405657
1001214343
1001563295
1001754291
1001947265
1002203817
1002291130
1002539167
1003326709
1003428582
1003910240
1004275011
1004582140
1004611829
1005348433
1005403299
1005686272
1006250887
1006360997
1006557295
1006914416
1006941060
1007291410
1007378231
1007445173
1007711614
1008674233
1008700182
1009062285
1009084114
1009100489
1009192697
1009250726
1009272920
1009351494
1009352207
1009580922
1009973122
1010004731
1010059326
1010174215
1011604716
1012014799
1012014894
1012070258
1012122543
1012304775
1013187774
1013563761
1014072004
1014862883
1015004156
1015246900
1015420362
1015536375
1015668516
1016147900
1016384948
1016400683
1016469157
1017119444
1017401474
1018393481
1018661763
1018684478
1018770269
1019213926
1019315514
1019362530
1019376902
1019448533
1019847518
1020075368
1020084955
1020310836
1020911635
1021416881
1021855814
1022030967
1022517829
1022832161
1022875683
1022883994
1023028395
1023166893
1024084827
1024406935
1024501972
1024904378
1024910338
1025292417
1025848308
1026245529
1026406401
1027174801
1027189120
1027247663
1027330720
1027477799
1027520895
1027810679
1027952410
1028044177
1028165089
1028412740
1028632805
1028862976
1028970107
1029245750
1029526145
1030042794
1030228946
1030707745
1030963568
1031030809
1031820337
1031884634
1032265053
1032843343
1033176957
1034354794
1034563376
1034736253
1034958186
1035370586
1035541864
1035871994
1036059230
1036237966
1036315872
1036620332
1036887062
1037809849
1037940296
1038091124
1038163722
1038169199
1038315775
1038378245
1038438795
1038586896
1038647761
1039341393
1039560307
1039626338
1039921905
1039995436
1040674901
1041044582
1041172644
1041685120
1041742568
1041851527
1042140454
1042240377
1042751172
1042832232
1043781432
1043799449
1043907498
1043936909
1044210312
1044450012
1044457389
1044476443
1044684795
1045637310
1045644557
1045806299
1046259135
1046355775
1046871322
1047344946
1048612486
1048743706
1049028863
1049037306
1049076883
1049305429
1049642162
1049778847
1049783334
1049982459
1050222954
1050468352
1050746298
1050941410
1051025333
1051077973
1051696793
1051974119
1052088885
1052211993
1052573938
1052622015
1052723631
1053026661
1053178495
1053457449
1053487364
1053981464
1054061263
1054346581
1054610356
1055224181
1055334163
1055512122
1056045209
1056200955
1056279105
1056394325
1057323436
1057550462
1057579567
1057587893
1057642980
1057936043
1058004028
1058027615
1058134977
1058523730
1058676846
1058731085
1058897500
1059163225
1059352245
1059367912
1059379433
1059418795
1059536761
1059683516
1059928767
1060273261
1060293450
1060518751
1060627432
1060733444
1060987259
1061012120
1061196951
1061392372
1061415881
1061458142
1061917347
1062330267
1062337090
1062650959
1063412781
1064270540
1064271439
1064305256
1064806474
1065428334
1065498226
1065608624
1065613749
1065701204
1065888650
1066007194
1067505760
1067931755
1068114422
1068585123
1068657091
1068991057
1069065796
1069384939
1069602141
1069693698
1069771315
1069887068
1069901340
1069968054
1069995356
1070222004
1070381922
1070625855
1070954401
1071102753
1071752470
1072059642
1072446810
1072543205
1072700271
1072880947
1073056314
1073372670
1073411863
1073437632
1074836063
1075757943
1076089196
1076105115
1076446256
1076538016
1076586194
1076593980
1076692808
1076906137
1076929650
1077175244
1077187284
1077270039
1078075743
1078418021
1078711711
1078834325
1079000599
1079192877
1079411846
1079792184
1079899735
1079921269
1080451443
1080967592
1081034768
1081454322
1082390871
1082642563
1082769920
1083054587
1083266812
1083637975
1083848156
1083852277
1084156382
1084380697
1084583536
1084936240
1084943120
1085053578
1085911729
1085934641
1086635126
1086842417
1086881778
1087262088
1087398526
1087618691
1087651761
1087788199
1088253303
1088319103
1088652950
1088821428
1089243669
1089580439
1089973789
1090453704
1090698449
1090910436
1091970436
1092319957
1092709207
1093173993
1093317602
1093579847
1093686571
1093810702
1094226466
1094544142
1095108003
1095582802
1095696812
1095698810
1096005922
1096089640
1096209973
1096476282
1096493062
1096506002
1096616453
1096667837
1096862720
1097025408
1097407561
1097898602
1097919566
1098487522
1098491426
1098593775
1098638586
1098847973
1098983808
1099465223
1100864560
1100966824
1100975655
1101248994
1101317152
1101808721
1102057365
1102447131
1102458456
1102771565
1103277697
1104140917
1104231514
1105270289
1105339309
1105363634
1105524463
1105556971
1106178106
1106445199
1106552032
1106581063
1106939621
1107142946
1107446893
1107763886
1107906454
1108198458
1108486000
1108924978
1109106917
1109140077
1109591942
1109660596
1109735188
1109933593
1110416318
1110980010
1111111423
1111521782
1111663928
1111898676
1112279334
1112279608
1112566845
1113483723
1114161588
1114182803
1114375191
1114548004
1114632698
1114703709
1115476483
1115904213
1116118057
1116668270
1116872594
1117383997
1117971806
1117977627
1118188602
1118264931
1118288702
1118480917
1118619254
1118780507
1119375882
1119517165
1119866321
1121009071
1121117535
1121613874
1121759261
1121792556
1121914323
1122785371
1122797761
1123005411
1123089527
1123306002
1123412001
1123653752
1123896771
1124182187
1124205264
1124373714
1124861574
1125089461
1125185173
1125948954
1126386953
1126628584
1127100259
1127384339
1127660703
1127730077
1127925324
1128039080
1128119295
1128131987
1128575315
1128976732
1129464798
1129672718
1129789818
1130067884
1130743333
1131130567
1131368812
1131474630
1132197209
1132672564
1132976118
1133441737
1133552636
1133596509
1133912941
1133931536
1133939723
1133975183
1134221458
1134669797
1134711482
1135171441
1135605586
1135808552
1136484646
1136646513
1136751418
1136981318
1137091161
1137897462
1138054616
1138132860
1138536539
1138583568
1138951362
1139358686
1139419344
1139482980
1139542967
1139681209
1139765396
1139905973
1139906402
1139907027
1141138456
1141452251
1141480000
1141907591
1141971459
1142133927
1142185985
1142206876
1142226371
1142244432
1142532907
1142608277
1142617797
1142635863
1142866121
1143162318
1143628077
1144477590
1144567954
1145607854
1145780408
1146202024
1146411806
1146827354
1146835904
1147424788
1147627190
1147788324
1147867889
1148132801
1148796426
1149239798
1149321477
1149933868
1149944858
1150248305
1150559996
1150841527
1151551519
1151595663
1151755536
1151828644
1151893244
1152198690
1152750845
1152923467
1152990480
1153927123
1153992907
1154160077
1154189125
1154339444
1154489717
1155068982
1155195280
1155437801
1155825415
1155871310
1155942666
1156329016
1156358753
1156554924
1157444320
1157500034
1157721892
1157890942
1157955221
1158032731
1158312068
1158497618
1158523070
1158652320
1158683495
1159055581
1159503926
1159798000
1160185471
1160400361
1160449588
1161197851
1161521118
1161616989
1161764355
1161995682
1162125248
1162343627
1162913423
1163198504
1163354794
1163372884
1163813086
1163864357
1164348247
1164421221
1164538980
1165010752
1165172466
1165251952
1165459211
1165479473
1165680204
1166107065
1166466992
1166528757
1166688425
1167750492
1168063596
1168138642
1168345821
1168953895
1169452465
1170184770
1170254325
1170302326
1170367237
1170379211
1170674515
1170892819
1171161916
1171222833
1171596125
1172324422
1172428196
1172482933
1172552827
1173018415
1173027628
1173372077
1173847643
1174015105
1174123408
1174629558
1174695739
1175185253
1175303620
1175409186
1175897393
1176509682
1177068862
1177354135
1177354823
1177354883
1177602967
1177858978
1178332477
1179251761
1179491873
1180622162
1180822319
1181047327
1181342066
1181555624
1181755235
1181976970
1182965740
1183038346
1183125398
1183275132
1183637372
1183695843
1184129694
1184698901
1187001721
1187241694
1187779907
1187988968
1187990836
1188169277
1188197954
1188554831
1188566637
1188821516
1188917689
1189006603
1190238414
1190309972
1191325357
1191570715
1191851063
1192195030
1192247586
1192541057
1192892346
1192997351
1193014816
1193516699
1193863991
1194390424
1194663094
1195157161
1195384173
1196131781
1196389060
1196742949
1196946788
1197099218
1197360391
1198006102
1198919937
1199369125
1199403560
1200458642
1200869870
1201519191
1201567308
1202155792
1202931070
1202968734
1203072956
1203092467
1203284763
1203289063
1203411614
1203936691
1204034614
1204076668
1204582718
1206529199
1206630912
1206674280
1207496590
1207601723
1208033891
1208241933
1208616194
1208669739
1208798465
1209174605
1209416119
1210145751
1210901126
1211021207
1211242503
1211342614
1211472459
1211863893
1211945825
1212124077
1212841283
1212867781
1212894707
1213166088
1213316217
1213957349
1214104354
1214171056
1215248613
1215449802
1215518144
1215627207
1216124660
1216257634
1216384009
1216741264
1216755454
1216864194
1216953307
1216987416
1217039907
1217388399
1217797867
1218512438
1219099183
1219127664
1219174667
1219495726
1219865315
1219978144
1220863255
1220942365
1221039631
1221500461
1221608889
1221765586
1222010372
1222531944
1222757185
1222976331
1222977870
1224105240
1224232458
1224317349
1224446273
1224483549
1224632697
1224875938
1225091641
1225462520
1225612375
1225908488
1226335133
1226436057
1226476564
1228059114
1228072254
1228145325
1228447176
1228484727
1228914439
1229188246
1229306903
1229333927
1230180599
1230306866
1231236136
1232047430
1232355331
1232922269
1233356008
1233399420
1233399498
1233575599
1233794040
1234097995
1234705709
1234713348
1234721059
1234849232
1234984163
1235460581
1235532530
1235542366
1235824984
1236071392
1236224679
1236248303
1236366024
1236411792
1236568822
1236902603
1237022695
1237210072
1237540679
1237594340
1237779219
1237823493
1237842342
1237992753
1238578497
1239074558
1239753336
1240558788
1240911634
1241351254
1241639637
1241751644
1242495296
1242527494
1242801542
1242993277
1244890733
1245098389
1245642596
1246060061
1246199194
1247077618
1247161206
1248255717
1248563050
1248985618
1249262569
1249576334
1249634985
1250068265
1250137514
1250215933
1250475691
1250485845
1251510858
1251637784
1252153017
1252218966
1252737557
1253169071
1253481542
1253671322
1253731542
1253993834
1254013767
1254197369
1254331743
1254396541
1254553535
1254699654
1254730100
1254735505
1254748662
1254939321
1254946788
1254960101
1256343518
1256354650
1257055377
1257116684
1257184326
1257998347
1258228657
1258523474
1258788071
1258956983
1259372122
1259410941
1259817497
1259854234
1260271983
1260379578
1260819299
1260862034
1261349137
1261946435
1262018679
1262043264
1262260875
1262469591
1262964972
1263052544
1263201526
1263267046
1263401481
1265053455
1265394445
1265899028
1266290159
1266597660
1267469947
1267532798
1268087096
1268291290
1268652196
1268667804
1268756007
1268965901
1269225645
1269314220
1269643704
1269745628
1269749561
1269772980
1269787890
1269866232
1270430074
1270742870
1270805155
1271353074
1271662309
1271814250
1272057966
1272104856
1272120797
1272293907
1272680253
1273326123
1273964407
1274014249
1274351211
1274492425
1274718051
1274933415
1275065562
1275120002
1275123282
1275478971
1276035057
1276611634
1276840932
1277161482
1277283716
1277521846
1277794248
1277862020
1278024151
1278233139
1279232973
1279435216
1279664561
1279869568
1281219438
1281460713
1282609289
1283038036
1283342533
1283441061
1283445475
1284228107
1284355889
1284834196
1285073752
1285544662
1285650408
1286175734
1287105155
1287586111
1287801237
1288378994
1288483875
1288528147
1288553102
1288761499
1289504845
1289684537
1289744774
1289969330
1290626187
1291141418
1291294066
1292267440
1292340155
1292593437
1293121148
1293219927
1293268764
1293294277
1293332577
1293468069
1293562049
1294193993
1294489777
1294775716
1294854773
1294891984
1295037701
1295257053
1295290617
1295782858
1295967539
1295997539
1296006177
1296464950
1296470481
1297698309
1298046262
1298587689
1298984575
1299069516
1299578277
1299594581
1299677492
1299687594
1299879310
1300162224
1300182902
1300856180
1301444987
1301822654
1301946671
1302069973
1302260486
1302261572
1302653344
1302752292
1303354668
1303501368
1303635710
1303768393
1304569241
1304690643
1304803375
1305002150
1305602531
1306114353
1306166291
1306172291
1306523357
1306554440
1306556716
1307148641
1307266139
1307873056
1308240027
1308676861
1308768398
1308876642
1309213313
1309283768
1309328944
1309883435
1310184477
1310500767
1310502962
1310873117
1311135701
1311144429
1311211480
1311739740
1311772710
1311958404
1312139623
1312175777
1312238452
1313177888
1313928472
1314374106
1314392764
1314978172
1315174297
1316256900
1316382132
1316412872
1316643615
1317156659
1317330004
1317364195
1317989170
1318817642
1319571888
1319858868
1319948642
1319996353
1320560194
1320577028
1320706053
1321768696
1321976749
1321981085
1322385960
1322506500
1322697744
1322878170
1322882445
1324143391
1324438314
1325357298
1326417957
1326533840
1326562400
1327143455
1327863986
1328165712
1328321655
1328417129
1328588017
1328656375
1329093572
1329206059
1329521222
1330011337
1330256800
1330344669
1330401485
1330592311
1330977603
1331001484
1331011055
1331166617
1331349803
1331436502
1331797226
1331957569
1331971653
1332363244
1332794894
1333013681
1333302067
1333562357
1333746381
1334232044
1334555534
1334854736
1335197244
1335477942
1335756626
1335868112
1335977520
1336356986
1336395880
1336627176
1337066871
1337304378
1337449367
1337694744
1337835649
1338307251
1338462660
1338968743
1339350104
1339692073
1339837707
1339848635
1340347561
1340585108
1340965106
1342090086
1342096859
1342180428
1342275242
1342424835
1342833263
1343283767
1343418083
1343728572
1344296987
1344549674
1344598346
1345067585
1345190897
1345669766
1345744960
1345768648
1346118440
1346384923
1346610362
1346683620
1347476421
1347632949
1347959953
1348014124
1348300803
1348351333
1348373604
1348414174
1348660421
1349253651
1349261841
1349368961
1349549815
1349862737
1350615613
1350868850
1351282811
1351384153
1351388986
1351520958
1351605173
1352296589
1352513103
1352667019
1352716307
1352888893
1353118745
1353395950
1353583388
1353600698
1353915470
1354105609
1355320145
1355565532
1356348150
1356666362
1357064282
1357142369
1357230106
1357402451
1357452792
1357559523
1358199482
1358333536
1358477460
1358497632
1358780175
1358782220
1359000446
1359078713
1359170964
1359275397
1359882852
1359893005
1359923481
1359979669
1360380969
1360683132
1360684076
1360825587
1361362692
1361518032
1361625282
1361827995
1361837201
1361977929
1362098650
1362121304
1362149084
1362263148
1362288370
1362420369
1362751522
1363079969
1363116042
1363284748
1363463013
1363638396
1363654393
1364340337
1364545468
1364554263
1364717547
1364925427
1365894417
1365931246
1365977477
1366860256
1366941790
1367318080
1367464790
1367512880
1367728208
1368165474
1368179106
1368434959
1368525092
1369071553
1369431241
1369447019
1369589786
1369632155
1369793778
1369948537
1369961955
1370542851
1370854923
1371053499
1371222278
1371595261
1371938261
1372261419
1372466075
1372887230
1374343777
1374360498
1374417661
1374625739
1374946170
1375399657
1375467489
1375570153
1375673129
1376084360
1376541597
1377093583
1377185230
1377358316
1377748245
1377993980
1378373925
1378676930
1379573501
1379847815
1380499223
1380573690
1380678368
1381264738
1381347006
1381461791
1381574875
1382391939
1383281750
1383374822
1383415534
1383714028
1383770520
1383860663
1383914978
1383922159
1384084872
1384292448
1384438392
1384471514
1384701214
1384727070
1384804849
1384834978
1384897167
1385020965
1385084476
1385207568
1385296428
1385549268
1385957794
1387396582
1388218654
1388585452
1388594127
1388641426
1388849773
1389001109
1389036464
1389048278
1389889486
1391176881
1391267056
1391557910
1391763181
1391802480
1391997416
1392664891
1392957760
1393060356
1393419712
1393568916
1393602363
1394215255
1394373532
1394868634
1394994644
1395149434
1395308893
1395501490
1395710473
1396287322
1396496368
1396559942
1397462082
1397570596
1397704769
1398282473
1399162804
1399317440
1399368817
1399715342
1400332736
1400417748
1400434874
1400530422
1400861354
1400878237
1401225684
1402186133
1402218860
1402352565
1403278956
1403708736
1403825960
1403847508
1404338403
1404416363
1404644896
1404829949
1404835615
1405179943
1405185865
1405666572
1405850635
1406678708
1406799135
1406980894
1407161315
1407401644
1407782573
1408111964
1408216684
1408881873
1409341634
1409649676
1410361737
1410506745
1410806278
1410950188
1411079208
1411505664
1411519722
1411606918
1412180507
1412343446
1412556378
1412885533
1413612175
1413937621
1414185367
1414678257
1414817322
1414951011
1415091354
1415190812
1415275125
1415288848
1415362891
1416266007
1416895422
1417627566
1417645226
1417783328
1418277416
1418291855
1418523118
1419108534
1419432626
1419541977
1419548084
1419715422
1419863104
1420065017
1420435880
1420702697
1421035055
1421060922
1421268460
1421503575
1422641550
1423057388
1423168023
1423681661
1423737058
1424151676
1424376342
1424725208
1424962234
1425339607
1425455979
1425546620
1425618386
1425806508
1425936174
1425956740
1426144711
1426233477
1426991362
1427905854
1428204066
1429066114
1429497084
1430168069
1430178237
1430399980
1430472237
1431380414
1431601756
1431621557
1431763492
1431928888
1432158506
1432234570
1432294037
1432391770
1432463105
1432494415
1432504898
1433139395
1433215250
1433232881
1433419382
1433676109
1433770802
1434019678
1434285135
1434440139
1434567495
1434658454
1435153735
1435724804
1436458237
1436462894
1436497730
1436745046
1436836816
1436844608
1436872708
1436967768
1436989606
1437104285
1437646113
1438114105
1438146341
1438385551
1438797794
1439382061
1440098601
1440098801
1440192849
1440217593
1440305566
1440351469
1441214973
1441266364
1441301509
1441972872
1442447905
1443552030
1443609060
1443895409
1443945018
1443963132
1444422014
1444714748
1444755737
1445147805
1445434348
1446318424
1446428755
1446500863
1446650669
1446898663
1446978029
1447170591
1447183477
1447459074
1447519747
1447550607
1448165124
1448166595
1448297588
1448643423
1449286678
1449532125
1449542863
1449574833
1449658486
1449766647
1450152980
1450197887
1451190853
1451313833
1451660964
1451895923
1451968559
1451979320
1452239772
1452273745
1452282723
1452518668
1453308036
1453713396
1454085099
1454330396
1454362475
1454368111
1454776646
1454799254
1454805459
1454849764
1455182086
1455253022
1455705764
1455820340
1456075533
1456086177
1456122403
1456183706
1456245523
1456288769
1456396443
1456412594
1456648223
1456676517
1457039721
1457073759
1457393109
1457932654
1458009344
1458106139
1458213091
1458279658
1458407471
1458797247
1458847922
1459170637
1459345497
1459379743
1459527883
1460241849
1460815687
1460960378
1461093763
1461180505
1461190992
1461853349
1461994636
1462127178
1462369981
1462481622
1462534469
1463443451
1463473301
1463844083
1463964318
1464001223
1464500549
1464565130
1464678297
1464693927
1465162468
1465237768
1465592955
1465728441
1466375978
1466616616
1467060076
1467108386
1467472862
1467521085
1467626724
1467804664
1467809505
1467962126
1468475110
1468758767
1468970573
1469249980
1469558607
1469591779
1469646227
1469712085
1470134714
1470332244
1470398343
1471007971
1471934837
1472184421
1472563188
1472719719
1472935085
1472992714
1473186768
1473401814
1473741504
1473905901
1474165695
1474245988
1474281300
1474766045
1474822635
1475036916
1475287389
1475320302
1475634381
1475852143
1476014500
1476104293
1476218664
1476425771
1476457628
1476792770
1477811813
1477822355
1477960987
1478160702
1478567092
1479282395
1479574149
1479755581
1479820098
1480118129
1480124313
1480560175
1480836104
1481570569
1481724547
1482425529
1483173780
1483312981
1483782574
1483850081
1484650203
1484872755
1485068591
1485130316
1485148551
1485194449
1485708722
1485709808
1486000075
1486129723
1486283746
1486293465
1486379728
1486626385
1486956694
1487257246
1487435603
1487708091
1487722548
1487822740
1487859019
1488003620
1488379585
1488439298
1488721415
1489127295
1489726672
1490590636
1490778466
1491214156
1492022285
1492110992
1492138821
1492461511
1492844608
1492849437
1493122618
1493422371
1493508604
1493552011
1494113398
1494395020
1494457916
1494500032
1494588892
1494841343
1494882655
1495490627
1495583248
1495825850
1495832054
1495986505
1496245298
1496574262
1496752416
1496823024
1496859102
1497634833
1497650661
1497675638
1498295801
1498534619
1498873961
1499987045
1500066416
1500133215
1500277104
1500481058
1500937031
1501072281
1501241634
1501345075
1501677684
1501925139
1502110933
1502458572
1502702661
1503053330
1503057380
1503256875
1503392493
1503562629
1503920415
1503935183
1504024114
1504718989
1505028225
1505044075
1505159995
1505211939
1505433078
1505444856
1505535023
1505684342
1505761266
1505799917
1505852026
1505971804
1506558874
1506615834
1507135972
1507433119
1507570944
1507600762
1507890348
1508154256
1508183900
1508667704
1508769777
1508887550
1508947060
1508995156
1509063482
1509151398
1509161977
1509250375
1510265832
1510608902
1511011916
1511061634
1511175041
1511196727
1512256939
1512330212
1512418318
1512425439
1512721233
1512898720
1513346311
1514167840
1514573403
1514641341
1514924423
1514939878
1515165826
1515300437
1516262166
1516445018
1517105038
1517250639
1517517025
1517601264
1517966449
1518117158
1518468891
1518520847
1518743243
1518822184
1520190364
1520191214
1520328467
1520624081
1521213208
1521308718
1522126990
1522585497
1522654882
1522945896
1522998999
1523044357
1523300595
1523710920
1523776035
1523827377
1524158672
1524412656
1524417636
1524581418
1524754337
1524957685
1524990601
1525108276
1525171476
1525182679
1525477854
1526014361
1526278282
1526333904
1526542961
1526703565
1526731037
1526798850
1527390389
1527945926
1528599059
1528844210
1528924578
1529554334
1529627781
1529668595
1529674138
1529923090
1529994933
1530013258
1530207496
1530788167
1530901138
1531282435
1531853066
1532465439
1532730218
1533104152
1533222762
1533324999
1533495156
1533596606
1533918116
1534079251
1534132123
1534322657
1534459056
1534659957
1534716754
1534820657
1535242778
1535287958
1535414207
1535580306
1535620475
1535632494
1535674319
1536159234
1536454196
1536750578
1536888588
1537121944
1537253548
1537321495
1537327027
1537430120
1537441797
1538200941
1538561710
1538645964
1538882720
1539323230
1539459232
1539517947
1539927111
1539940831
1540412977
1540460725
1540695295
1540937555
1540993455
1541191589
1541196098
1541546231
1541699704
1541726123
1542162799
1542530041
1542867860
1543030364
1543371451
1544202783
1544256593
1544467263
1544539935
1544643944
1544696268
1544773430
1544927047
1545030425
1545269163
1545353465
1545426042
1545513087
1545797600
1546265149
1546323148
1546388908
1546472094
1546527453
1547144215
1547386011
1547449356
1548077851
1548099308
1548749526
1548831400
1548872704
1548935615
1548957806
1549520321
1549567034
1549789695
1549913258
1549982254
1550531319
1550935465
1551016505
1551398561
1551455990
1552069047
1552306496
1552650461
1552806203
1553437014
1553884388
1553905380
1553947072
1554061910
1554086132
1554551432
1555114066
1555123357
1555624005
1556015464
1556062554
1556213497
1556595496
1556798817
1556946880
1557628017
1557638365
1557834389
1558000541
1558028973
1558222668
1558227306
1558309609
1559407469
1559910799
1559921895
1559946871
1560560290
1560618553
1560743160
1561007455
1561545777
1561583224
1561731362
1561763063
1562021564
1562289601
1562315950
1562383420
1562424907
1562584049
1562902910
1563119125
1563248410
1563265021
1563328689
1563761788
1563930784
1564045351
1564567495
1564737903
1564831764
1564899471
1565011345
1565062006
1565074063
1565099266
1565106809
1565187246
1565249340
1565842996
1566088871
1566255291
1566272651
1566338624
1566409683
1566625608
1567099244
1567301312
1567566711
1567696256
1568335263
1568635676
1569594579
1570083098
1570262234
1570808907
1571632785
1571956069
1572049351
1572607148
1573171214
1573193822
1573502866
1574180614
1574295651
1574453959
1574478578
1575152866
1575199226
1575430519
1576371917
1576792056
1577088624
1577195125
1577296015
1577383819
1577660112
1577973965
1578100367
1578432231
1578658940
1579299100
1579349895
1579411573
1579707418
1580364125
1580976872
1581404288
1581446331
1581679344
1582448634
1582564962
1582869410
1583160234
1583200676
1583346196
1583527510
1583742891
1584238362
1584329097
1584421827
1584683318
1584753890
1584765540
1585030757
1585274183
1585445579
1585749611
1585794870
1586009533
1586364871
1587001424
1587568336
1587912194
1587982674
1588752232
1588826129
1589613766
1590043858
1590062327
1590125982
1590388792
1590519573
1590721086
1591020032
1591824469
1591898494
1591908316
1591975507
1592201897
1592348962
1592558663
1593072728
1593464136
1593677195
1593874904
1593931158
1594096133
1594236350
1594782611
1594812844
1595046509
1595152031
1595404692
1595406881
1595614742
1595801648
1596073786
1596195448
1596724300
1596728497
1596802046
1597353560
1597447771
1597831777
1598495673
1599024983
1599038273
1599452100
1600491259
1600886606
1600890240
1601588998
1602355661
1602740687
1603859279
1604472460
1604500229
1604506813
1604611124
1604783563
1605143624
1605883588
1605956155
1606219776
1606806081
1607201664
1607435834
1607511655
1607796908
1608150288
1609027719
1609567932
1609907509
1610470521
1610916496
1611327409
1612293038
1612675630
1612838231
1613657673
1613679332
1613753232
1613773665
1613972065
1614151676
1614711501
1615333550
1615485767
1615831435
1616110486
1616195186
1616426009
1616442383
1616453642
1616536021
1616631261
1616777117
1616935192
1617576489
1617763973
1618137122
1618915712
1619152054
1619499389
1619618561
1620007857
1620022450
1620030966
1620173718
1620385594
1620705786
1620995540
1621204290
1621700602
1621741500
1621993019
1621994009
1622863903
1623409935
1623423760
1623942037
1624134321
1624555566
1625182357
1625402492
1625739238
1626451268
1626760614
1626823097
1627298200
1627339954
1627390476
1627715351
1628582461
1628899302
1628934397
1629465922
1629510235
1629639976
1629797671
1629823496
1629943113
1629978870
1630084012
1630160158
1630224247
1630468349
1630512896
1631053970
1631488862
1631621450
1631763854
1631805033
1632137340
1632260198
1632530705
1632718750
1633029746
1633449734
1633719585
1633727063
1633951859
1634323378
1635219278
1636535981
1636604327
1636785819
1639771392
1640344922
1640794667
1641502461
1641880082
1642124324
1642656430
1643080048
1643274901
1643522901
1643673818
1643680469
1643833247
1643941512
1643949665
1644100977
1644205451
1644383352
1644528788
1644595587
1644606637
1644941315
1645117628
1645316072
1646207887
1646300890
1646874672
1646956579
1647166845
1647168081
1647279006
1647412238
1647569798
1647738019
1648075222
1648086114
1648920262
1648964544
1649632894
1649659010
1649900824
1650255716
1650389694
1650607233
1651106067
1651130851
1651245299
1651484695
1651662712
1651929056
1652214482
1652290524
1652326413
1652529318
1652694352
1653036620
1653227110
1653501940
1653663130
1653808715
1654101695
1654368205
1654490166
1654913611
1655079585
1655096200
1655279563
1655522576
1655716283
1655742744
1655800414
1656003151
1656192943
1656646522
1656689267
1656745837
1656857346
1656885942
1657041475
1657130029
1657503855
1657743833
1657793770
1657796364
1657841032
1657896375
1658119580
1658227719
1658243247
1658417402
1658420656
1658601304
1658609109
1658848309
1659019487
1659118652
1659280136
1659539407
1659969180
1661259034
1661419172
1661753184
1661832013
1661966418
1661980693
1662625880
1663207866
1663215780
1663248795
1663252877
1663351431
1663466165
1663574314
1664198122
1664239765
1664322731
1664446521
1664515798
1664664168
1665295522
1665410260
1665606068
1665634593
1665695369
1665763443
1665777246
1666012778
1666192834
1666310917
1666666836
1666688231
1666919767
1667224930
1667259226
1667550370
1667552202
1668602406
1669137031
1669298526
1670261673
1670646550
1670810148
1670938803
1671007129
1671148712
1671483479
1672192310
1672457940
1672870299
1673942056
1674196242
1674573469
1675531110
1676289755
1676424183
1676723885
1676779642
1677030798
1677409733
1677567026
1677651026
1678083573
1678309893
1678525347
1678546165
1678961506
1679690124
1680107112
1680147923
1680507269
1681713143
1681733133
1681802749
1681971451
1682090616
1682117153
1682653449
1683517154
1685320669
1685423310
1685527053
1685558639
1685588109
1685876645
1686519453
1686523214
1686662725
1687167471
1687417374
1687641088
1688009145
1688156768
1688239520
1688299579
1688352624
1688374067
1688387858
1689798372
1690246170
1690673183
1690851485
1691576120
1692180774
1692287877
1692392948
1692603294
1692657114
1692678871
1692749911
1693130919
1693345731
1693558300
1693929101
1694157554
1694258654
1694873649
1695347820
1695411200
1695874070
1695893689
1696077348
1696175665
1696424766
1696712315
1697103387
1697224924
1697369807
1697819825
1697938806
1698278809
1698521278
1698605511
1699704281
1699819163
1700051947
1700068462
1700268114
1700637431
1701048859
1701298766
1701369357
1701494147
1701566653
1701752526
1702187453
1702833795
1703151669
1703466115
1704027782
1704233052
1704299592
1704553443
1704576101
1704714312
1704828420
1704849322
1704865914
1705042467
1705137159
1705960470
1706385267
1706417448
1706519772
1707271981
1707502356
1707620158
1707937682
1707949979
1708089301
1708547384
1708552314
1708887062
1709851145
1710909384
1711248981
1711297906
1711617484
1711923653
1712126569
1712461056
1712739551
1712991915
1713018294
1713160648
1713191794
1713239759
1713535408
1713660383
1714142674
1714184062
1714348697
1714935463
1715136502
1715161681
1715188598
1715715726
1715866463
1715888029
1716430877
1716512791
1716589178
1716654794
1716710488
1716808027
1717440492
1717930783
1718765192
1718972367
1719124042
1719796924
1720018582
1720639960
1720744160
1720802283
1720954061
1721101133
1721143235
1721232535
1721888483
1722084765
1722285626
1722452864
1722460878
1722625511
1722633228
1723296492
1723331432
1724034071
1724160210
1724336221
1725099412
1725261858
1725359119
1725609988
1726349519
1726425011
1726545219
1727154333
1727878602
1727907815
1728074429
1728208942
1728367426
1728757588
1728916378
1730217125
1730884489
1731174913
1731257262
1731563788
1731813795
1731956834
1732023233
1732054451
1732441450
1732443319
1732661330
1733318766
1733586252
1733976073
1734179530
1734370334
1735717817
1736420170
1737283595
1737323772
1737959217
1738470257
1738685345
1739073518
1739148323
1739197725
1739411303
1739673383
1739689506
1739726148
1739807996
1739867776
1739870110
1739935033
1740403793
1740438658
1740895262
1741125673
1741372525
1741397302
1741474353
1741867943
1742054258
1742233964
1742410638
1743565945
1743649254
1744156935
1744291025
1744521905
1744592409
1745413969
1745464184
1745610235
1745985123
1746508502
1746651218
1746713339
1746797564
1747191775
1747289120
1747360836
1747841827
1748147501
1748541511
1748811788
1748818207
1748909518
1748991554
1749280584
1749318208
1749841977
1750188331
1750258859
1750760257
1750895779
1751006282
1751131029
1751450849
1751652062
1752002048
1752354454
1752438561
1752479989
1752497875
1752530802
1752824786
1752862130
1752876321
1754155879
1754370099
1754522437
1754737344
1755179900
1755844910
1756232780
1756464355
1756624975
1756798023
1757196423
1757656390
1758107490
1758114619
1758189555
1758414190
1758807833
1759183251
1759314871
1759453797
1759954318
1760048654
1760133317
1760648028
1760682902
1760751788
1761208264
1761212823
1761543009
1761895904
1761967434
1762120253
1762159178
1762298679
1762650812
1762697875
1763222306
1763246248
1763316642
1763507402
1763543345
1763829518
1763985437
1764106393
1764329861
1764443229
1764905314
1764905747
1764927875
1765599146
1765994171
1766145497
1766249266
1766250738
1767010296
1767077066
1767405255
1767717230
1767721138
1767728335
1768081780
1768135643
1768159357
1768381532
1768711808
1768851789
1768901562
1769198011
1769465359
1769553388
1769629213
1769848407
1770339746
1770437255
1770732976
1770963250
1771644766
1771715488
1771938545
1772107541
1772652062
1772683297
1772753625
1773184598
1773550631
1773721853
1774614667
1775119678
1775921365
1776010771
1776429681
1777108818
1777381615
1777627895
1777638270
1777750638
1778168386
1778192552
1778444369
1778943775
1779485611
1779541147
1779555468
1779599100
1779710592
1779968534
1780144045
1780717345
1780755725
1780789458
1780831979
1781083536
1781469666
1781616532
1781727943
1782010808
1782437041
1782620753
1782772386
1782851392
1783066111
1783166850
1783406410
1783716613
1784163722
1784311009
1784556912
1785001225
1785078748
1785158969
1785309320
1785418025
1785605784
1785637563
1786042516
1786088592
1786454249
1786458402
1786901445
1786969678
1787088594
1787325443
1787540078
1788096461
1789153635
1789154892
1789471794
1789523746
1789598918
1789620901
1789650749
1789994401
1790023685
1790087738
1790113894
1790296391
1790578150
1790627184
1790935645
1791427384
1791511626
1792709535
1792867693
1794354819
1794789351
1795112232
1795421873
1795494627
1796196822
1796256060
1796809282
1796999579
1797152395
1797997900
1798280944
1798999615
1799033391
1799512719
1799633192
1800079449
1800276607
1800401835
1800620163
1801211633
1801237887
1801475757
1801485487
1801505696
1802063650
1802160604
1802297844
1802335341
1802456088
1802644433
1802764821
1803270098
1803648687
1803933891
1803979547
1804072161
1804467111
1804664961
1805802411
1806901521
1807225072
1807439761
1807554190
1807690915
1807924055
1808071915
1808366200
1808528345
1808627118
1808715159
1808808518
1809304541
1809365015
1809635538
1810655476
1811046598
1811292656
1811646863
1811663480
1811688711
1811862863
1811889015
1811950526
1811975716
1812231999
1812458428
1812642155
1812673858
1812848525
1813025051
1813057301
1813145927
1814132143
1814174168
1814416190
1814596612
1814685118
1814694381
1815198901
1815257079
1815628584
1816278792
1816463163
1816568613
1816772928
1816848939
1817070064
1817174704
1817213687
1817492996
1817523690
1817928283
1818211723
1818409963
1818610463
1818763054
1818857255
1819259588
1819267274
1819298725
1819551837
1819641477
1819784726
1819915008
1819926900
1820055775
1820188775
1820802149
1821085263
1821369202
1821781591
1822027433
1822050057
1822084706
1822262102
1822516425
1822517914
1822566773
1822746812
1822813986
1824328040
1824553178
1824979699
1825048510
1825086276
1825228897
1825550285
1825647278
1825766229
1825777956
1826004032
1826638772
1826746451
1827055438
1827323295
1827838154
1827849468
1828052419
1828287235
1828295264
1828701389
1828760950
1829372402
1829455754
1829491253
1830438737
1830594834
1831328830
1831883952
1832143211
1832270866
1832412476
1832467373
1832493089
1832887785
1833206592
1833554582
1833606888
1833924217
1834567683
1834659318
1834720119
1834761251
1835014866
1835055657
1835228703
1835376462
1836104022
1836118561
1836382266
1836600522
1836714179
1836752575
1836897104
1837443595
1837513959
1837818742
1838144698
1838664145
1838743707
1838841419
1839270068
1839424985
1839512393
1839684812
1840042512
1840343696
1841061823
1841135592
1841191668
1841454426
1842238163
1842336545
1842599979
1842728670
1842780691
1843190960
1843368033
1843378769
1843529584
1843534397
1844189747
1844589022
1844986076
1846423061
1847033146
1847135198
1847441376
1847730221
1848522035
1848979676
1850101028
1850245347
1850403884
1850524672
1851091836
1852368873
1852461761
1852611814
1852729905
1852778110
1853042991
1853316471
1853333595
1853347507
1853352683
1853441459
1853515834
1853549870
1853784108
1853914607
1853981513
1854024705
1854163087
1854237343
1854296806
1854317753
1854607201
1854693654
1854854381
1855020415
1855022796
1855596883
1856287211
1856341494
1856382240
1856448142
1856622166
1856787516
1857077108
1857580268
1857700634
1858217635
1858220579
1858496036
1858607701
1858681114
1858978338
1859188426
1859281494
1860152758
1860273686
1860628868
1860881747
1860990845
1861033765
1861163776
1861432842
1861461626
1861746442
1861785498
1861835182
1862600828
1862601630
1862857162
1862940297
1863561776
1863589359
1863652954
1864028941
1864117098
1864327805
1864353378
1864679905
1864702589
1864810920
1864966853
1865069499
1865566873
1865728534
1866117225
1866897156
1866911137
1867278747
1867285601
1867377232
1867568950
1868759633
1868929165
1868997028
1869046241
1869208220
1869239817
1869586564
1870055711
1870361997
1870869750
1871076525
1871181451
1871198740
1871199179
1871239663
1871377778
1871667457
1872440302
1872872944
1873256711
1873846105
1874034574
1874346753
1874394726
1874423469
1874456364
1874597404
1875153966
1875401744
1875427068
1875476927
1875501785
1875558905
1875845233
1875897300
1875950185
1876166062
1876679982
1876778753
1876780590
1876803574
1877050680
1877137180
1877200011
1877252270
1877575736
1877595549
1877720215
1877853128
1878202428
1878599525
1878984818
1879148399
1879277656
1879661015
1879889344
1880034490
1880148983
1880273455
1880378836
1880445832
1880468941
1880536313
1880665116
1880728741
1880981603
1881021652
1881321608
1881387688
1881716855
1881794304
1881839394
1882036054
1882332613
1882546856
1882551707
1882822373
1883144061
1883288879
1883299051
1883939065
1884207284
1884391859
1884411388
1884627289
1885483923
1885982900
1886296154
1886679439
1886930167
1887067122
1887510233
1887544775
1887594702
1887729302
1887799965
1888578248
1888582195
1888628176
1888963831
1889203516
1889408665
1889624419
1890706312
1890826180
1891227441
1891686684
1892126273
1892228442
1892365917
1892410077
1893152847
1893301631
1893382701
1893635606
1893693790
1894194413
1895537788
1895683448
1895887574
1896185806
1896350203
1897061303
1897256023
1897451675
1897546531
1897886583
1897974239
1898228844
1898654959
1898856532
1899080545
1899099324
1899344294
1899405324
1899534779
1899611710
1899887550
1899901251
1899949664
1900270942
1900349173
1900474521
1900480561
1900482761
1901338855
1901406902
1901496295
1901623958
1901631895
1901747360
1901759464
1902104210
1902337778
1902438600
1902730873
1903462223
1903624068
1903798422
1903957051
1903972968
1904073468
1904327262
1904678758
1904691117
1904924694
1905010504
1905047051
1905092672
1905585642
1906383819
1906532720
1906709776
1906887625
1907120391
1908774690
1909261783
1909578091
1909696421
1909725006
1909831827
1909853403
1909906205
1910252710
1910405673
1910715486
1911119892
1911655983
1912560834
1912897703
1914025451
1914151375
1914306013
1914512704
1915114727
1915625583
1915863649
1917279926
1917483117
1917747781
1917866021
1919134590
1919750290
1919751103
1919787852
1920100372
1920546435
1920748484
1921169781
1921386381
1921636121
1922427176
1922736321
1922981370
1923208486
1923269740
1924181418
1924503055
1924706750
1924805407
1924810967
1924921502
1924930340
1925091307
1925101716
1925883679
1926304840
1926636566
1926674163
1926926048
1927058162
1927481458
1927575080
1927650425
1928590529
1928962624
1929098114
1929225207
1929357285
1929615532
1930320030
1930744525
1931391400
1931418367
1931576574
1932142918
1932519430
1932666418
1933286256
1933454962
1933769332
1933842399
1934477498
1934741343
1935008552
1935009637
1935290816
1935319042
1935434687
1935503127
1936074656
1936191076
1936193965
1936895216
1937402577
1937481558
1938384989
1939248033
1939628997
1939630822
1939653628
1940445559
1940482687
1940548488
1940996015
1941080731
1941143815
1941419571
1941845526
1941912417
1942125146
1942391904
1943093100
1943669823
1944119226
1944613910
1944859567
1945909591
1946537281
1946560787
1946585094
1946739283
1947661272
1947741128
1948040379
1948088702
1948240447
1948281437
1948359928
1948377687
1948514489
1948765832
1949227687
1949609121
1949995211
1950125455
1950607129
1950837751
1950936610
1951240929
1951381064
1951661988
1951833585
1952352583
1952506242
1952508818
1952645572
1953016540
1953085358
1953629467
1953771153
1953855547
1954957988
1955664669
1955723964
1955729457
1956215623
1956437756
1957008054
1957286224
1957748762
1958253233
1958284133
1959184359
1959408381
1959522393
1959811569
1960258948
1960743117
1960932201
1961300071
1961548956
1961693762
1961780856
1961813247
1961980186
1962717070
1962775402
1963123412
1963279404
1963556823
1963918345
1964067253
1964293833
1964295529
1964833303
1964974306
1965356591
1965489002
1965760147
1965906546
1966049031
1966058703
1966119874
1966693709
1967089763
1967410290
1967757104
1967887020
1967963176
1968049741
1968386728
1968826436
1969839180
1969890030
1970214387
1970230845
1970352434
1970627951
1971005022
1971191670
1971434581
1971548926
1971588844
1971704586
1972122224
1972159130
1972691012
1973382833
1974096035
1974368777
1974470223
1975080130
1975736669
1975788168
1976033093
1976273548
1976309588
1976680882
1976892042
1977386123
1977901660
1978032338
1978090465
1978866605
1978934990
1978936781
1979456188
1979650396
1979837519
1979865664
1979927846
1980731311
1980804470
1980852843
1981045654
1981177236
1981359389
1981557146
1981849321
1981900314
1981903401
1982131611
1982693761
1983019255
1983321148
1983501453
1983723232
1983762652
1983870631
1984250315
1984285154
1984474217
1985021322
1985125997
1985156068
1985411532
1985507628
1985530544
1986036620
1986333350
1987502754
1987689205
1987970541
1988201367
1988864665
1988923853
1988956161
1989060656
1989447281
1989659620
1989791185
1990075646
1990084776
1990516433
1990666021
1990711885
1990723145
1990861419
1991265498
1991618000
1992579372
1992755140
1993030303
1993176481
1993412404
1993645633
1994058582
1994686951
1994903890
1995562321
1995678909
1995900766
1996366415
1996544900
1996925055
1997518484
1997595314
1997846703
1998083563
1998330190
1998481594
1998489103
1998571172
1998594389
1998692453
1998703914
1998710986
1998798265
1998821991
1999026660
1999727871
1999877749
2000537204
2000615656
2000748226
2000883092
2001139363
2001530231
2001689526
2001977252
2002072414
2002695978
2002851561
2003297475
2003723914
2004085115
2004341597
2004393997
2005425740
2005710613
2005731010
2006677910
2006915047
2006929641
2007221089
2007410582
2007459520
2007482913
2007867876
2007937466
2008447099
2008831465
2008928894
2009147780
2009174443
2009500647
2009554828
2009635039
2011043316
2011120839
2011848041
2011863793
2012069847
2012486908
2012641131
2013136627
2013685580
2013791772
2013819562
2013966485
2014156315
2014690245
2014983885
2014993024
2016028926
2016040407
2016524087
2016690017
2016845716
2017467683
2017468315
2017789701
2017888549
2018202695
2018530756
2019006296
2019184508
2019316823
2020379397
2021047161
2021162013
2021823553
2021914374
2022569106
2023190969
2023556234
2023644467
2023687705
2023690974
2023759086
2024235616
2024903355
2024982593
2025656537
2025801228
2025866708
2026053571
2026541430
2026641090
2027075967
2027389882
2027876344
2027937901
2027990921
2028036974
2028118663
2028178496
2028242262
2029089089
2029347290
2029452275
2029465799
2029574202
2029603424
2029902883
2029906831
2030095504
2030242146
2030361462
2030837376
2031281221
2032054683
2032784151
2033263124
2033488622
2033585032
2034391110
2035017768
2035493829
2036303900
2036509860
2037361963
2037749584
2037960334
2038041998
2038129816
2038425551
2038799800
2038989135
2039372378
2039510317
2039815660
2039861195
2040201086
2040358219
2040570349
2040609802
2040781981
2041377482
2041536185
2041589785
2041608303
2041692762
2041810491
2041849779
2042086105
2042588157
2042932469
2042985269
2043270867
2044351303
2044351701
2044354962
2044412328
2044467752
2044569644
2045088300
2045216789
2045231351
2045525057
2046265853
2046435212
2046458957
2046836322
2046984940
2047193159
2047495538
2047573379
2047787720
2048930588
2049492418
2049792806
2049816998
2049970636
2050185464
2050252377
2050522234
2051952852
2051953349
2052109635
2052473185
2052643804
2052800744
2052898329
2053272405
2053379110
2053628295
2054042392
2054153849
2054179838
2054182442
2054359126
2054628514
2054848554
2055305315
2055508635
2056052173
2056085525
2056746374
2056958033
2057412378
2057742053
2058107370
2058393297
2058657701
2058704731
2058917245
2059140147
2059329962
2059604875
2059757902
2059787699
2060046121
2060577829
2061620672
2061753338
2061764992
2061883561
2061981583
2062311360
2062455818
2062822988
2062843651
2062978694
2063098207
2063555081
2063595224
2064158114
2064323745
2064575601
2064577724
2065373886
2065753571
2065893479
2066162003
2066193971
2066509170
2066538786
2066754773
2067554606
2067625640
2067754827
2068315021
2068580445
2068782397
2069121672
2069427141
2069518192
2070013935
2070033735
2070309424
2070910719
2071085272
2071256258
2071713253
2071938755
2072016976
2072639516
2073078539
2073754242
2074149358
2074326055
2074460506
2075449335
2075863427
2076057191
2076333438
2076568228
2076896494
2077067809
2077480436
2078179428
2078190531
2078555759
2079108208
2079317534
2079507705
2079746578
2080038897
2080117555
2080125821
2080328055
2080387345
2080634074
2080724911
2080772060
2080809404
2080977902
2081418103
2081795582
2081897894
2082134948
2082153066
2082841595
2083219291
2083432585
2083778772
2083965297
2084033857
2084267669
2085193154
2085440562
2085736416
2086038322
2086164380
2086312212
2086393905
2087177193
2087642835
2088960974
2089347733
2089571583
2089613801
2089794375
2089847146
2090095689
2090697638
2090806140
2090988774
2091978296
2092220496
2092459238
2093680582
2093699756
2093728818
2093943814
2094426525
2094599187
2095177664
2095351686
2095604273
2095647795
2095835344
2095981592
2096069853
2096255541
2096482089
2096797414
2097280638
2097657676
2098637189
2098896908
2099619864
2099741130
2100545712
2100729117
2100756886
2100965011
2101252659
2101369754
2101550232
2103222729
2103460597
2103821188
2104130843
2104337886
2104548944
2104827737
2105434032
2105472360
2105865419
2106693989
2106951343
2107011661
2107129018
2107601223
2107928235
2108472789
2108910467
2109161944
2109308835
2109857617
2110227266
2110475416
2110783124
2111152180
2111325967
2111450493
2112612189
2113038506
2113555719
2113617978
2113773666
2113995312
2114062407
2114216893
2114739281
2115213325
2115935824
2117002554
2117687162
2117987729
2119041740
2119232351
2119627267
2119802907
2120090601
2120445991
2120705372
2121406194
2121525758
2121655056
2122115831
2122575157
2122589275
2122872636
2122896049
2123470307
2123777459
2123850819
2124814301
2124842489
2125669094
2125705652
2126012487
2126096001
2126179325
2126501109
2126790156
2127725932
2128238515
2128286977
2128425012
2128746498
2129037431
2129127224
2129271921
2129470218
2129527514
2129541318
2130696865
2131227286
2131463344
2132144499
2132742304
2133780901
2133785371
2133936567
2134331597
2134690652
2134731891
2134912666
2135294704
2135498217
2135737800
2135838292
2135904005
2136210524
2136344283
2136669377
2136867864
2136949656
2136958388
2137103479
2137254871
2137269717
2137405435
2137987437
2138202129
2138444874
2138795047
2138817023
2139004935
2139160735
2139880454
2140331123
2141065858
2141231696
2141672631
2142942630
2142978445
2143193049
2143619775
2144630531
2144776036
2144812142
2144813116
2145160298
2145478243
2145797514
2145931976
2145937040
2146550928
2146790601
2146837563
2147462829
