935546
1225830
1248139
2346781
2376703
2737873
3760929
3835955
3892312
3988447
4075155
4302035
4476642
4608972
4685151
5449578
5521846
5798234
5969286
6715286
6831092
6869133
7145221
7146203
7161719
7419980
7755271
9201148
9365440
9532237
9539987
9812814
9820769
10298942
10528985
11939844
12398340
12802362
12899231
13102594
13385043
13393546
13583331
15602800
15707087
15716967
16524918
16547794
16551383
17138904
17480923
17647015
18180924
18372588
18377165
18730291
19163388
19830064
19838282
20201955
20255053
20309904
20427817
20433091
20660028
20938540
21251846
21319302
21366139
21539465
21556737
21783207
21818973
23307911
23458292
23806604
24261122
24383805
24571796
25087048
25124366
25143836
25562781
25676695
26238099
26732686
26911896
27904022
27906944
28343555
28365487
28501432
28634670
29572614
29710701
30142163
30405957
30667849
30912759
30976421
31245307
31493995
32269279
32623874
32656486
32843282
33052811
33143831
33361385
33657513
33669501
34077234
34160498
34168973
34354407
34448030
34529399
34646345
35028287
35028805
35379440
35739404
35845665
35936214
35945135
36287539
36289291
36762791
36863781
36994547
37591314
37951310
37984414
38087689
38220463
38299787
39205840
39343285
39356893
39385085
39499266
40080357
40329401
40517150
40532029
40941899
41094409
41569126
41718905
41816096
41851832
42328309
42450733
42464308
42585630
43233978
43263856
43536747
43903754
44168723
44291641
44300691
44399999
44489081
44797079
44973967
45491070
45525050
45597690
45724533
45728511
45883394
46087360
46252021
46263830
46448229
46545913
46597230
46849979
46903803
46992928
47972000
48441572
48697170
48733853
48924607
48964737
49033663
49054148
49150915
49479107
49548724
49555375
50545135
50588382
50732500
51243274
51269657
51586935
52078278
52447003
52702041
52803189
53077483
53381650
53676422
53789740
55382192
56352179
56665963
56854350
57168920
57252907
57431903
57475633
57590439
57943335
58241512
58350869
58587065
58916072
59069288
59341908
59611503
59957158
59995051
60134861
60165876
60367452
60382092
60459957
60509410
60651127
60680689
61191166
61661207
61980421
62260288
62435359
62487720
62709245
62970251
63077960
63112383
63639062
63784273
64024988
64208216
64785082
64897243
65177894
65337484
65521099
65598618
66054279
66431059
66455386
67021920
67697180
68165914
68320383
68465219
68814108
69229192
69410342
69624731
69727287
69936297
70369122
70396907
70434017
70742829
70839350
72013550
72613271
72614934
72943265
73130449
73604195
73697888
73760795
73812197
74387325
74406141
74805513
75187597
75324956
75604300
75749917
75872173
75922925
75926066
76141628
76180635
76843863
76931393
77025039
77099362
78006469
78218880
78234588
78974259
79075615
79281846
79373304
79940916
80092575
80405913
80675346
80792303
80804034
80930514
81337714
81790977
82374321
82566743
82862272
83061182
84009368
84429958
84581917
85083655
85531572
85538256
85828531
86081152
86156708
86322623
86333610
86528415
86654773
86689835
87147602
87148701
87167160
87225508
87531417
87710871
87975934
88256358
88470372
88496439
88512427
88590916
89206345
89337729
89360861
89386266
89682797
89703947
89832484
89965280
90235060
90518097
90629497
91262593
91645563
91813330
92103266
92623510
92960742
93439253
93618977
94785851
94965083
95551161
95784248
95927461
96227008
96483248
96653348
96839766
97133886
97238036
97584797
97609664
97640902
97881638
98149700
98816416
98882710
99253910
99791450
100114718
100394039
100415212
100742322
100899242
101459865
101496950
101835426
101972760
102040811
102270561
102467109
102562995
102950141
103047268
103543205
103795490
103837200
103945767
104205143
104294957
104869874
105041881
105380862
105499869
106043735
106825484
108077566
108214613
108272790
108538716
108613183
108933253
109053437
109929855
109965092
110370780
110445357
110556964
110573052
111148148
111666001
111769000
111920784
111928848
111954704
112635099
112802059
112893381
113496105
113508696
113542087
113710067
114469109
114642984
114857389
115090320
115416071
115807183
116558881
116725623
116800947
117276843
117438992
117460452
117471598
117731295
118245951
118266659
118439848
119293990
119370562
119644173
119704389
120227294
120835554
120984070
121280762
121309199
121378723
121602523
121946257
122066170
122360520
122797943
122957505
123262819
123268717
123608771
123615387
123719995
123769658
123943400
123958740
123997187
124302869
124550147
124888410
125971650
126358682
126740641
128389551
128584829
128613806
128905263
129029795
129413637
129588102
129731660
130075673
130155596
130680417
131469505
131658918
131699166
132096851
132221519
132522755
132848332
133027198
133101849
133264952
133332354
133401836
134436670
135312774
135349849
135436457
135563547
135801059
135940120
136427234
136580138
136908230
136929007
137241605
137800535
138327396
138395136
138468123
138723141
139163375
140194437
140698143
140862097
140891032
141555821
142001550
142009722
142175334
142516848
143006309
143097454
143384351
143638209
143756032
143861149
143944358
144925056
145235668
145567934
145585490
145614513
145778275
145949344
146475271
146622745
147334988
147592960
147816508
147947927
148242243
148526529
148646179
148711613
149025039
149383243
149491051
149679777
149853528
150079458
150856800
150905432
150949248
150984464
151029220
151144288
151194482
151431766
151473733
152007320
152189403
152346916
152353735
152486299
152664949
152815696
152821622
153042964
153051959
154298898
154511214
154841790
155259627
155332991
155516725
155681525
155859202
156355277
156531438
156558254
156658377
156814404
156821978
157271254
158220584
158221714
158825748
160323249
160387299
160644039
160975567
161109328
161117576
161188690
161460825
161538269
161796121
162197092
162328859
162593485
162802677
163033598
163041102
163281334
163290797
163857856
163903111
164342590
164710078
164782603
164812308
165033192
165385500
165446565
165647812
166256333
166281992
166990768
167036439
167240618
167272127
167822034
167923382
168162191
168619525
169277558
169319702
169370123
169627108
169656903
169817333
169894845
169958972
170059072
170895239
170948817
171163862
171495997
172293209
172407960
172497718
172570596
172600305
172805997
172942307
173624725
173820669
174522939
174733253
175065588
175168414
175401622
175534533
175706141
175905771
175914432
175988552
176036661
176235818
176651437
177210626
177486085
177521383
177577664
177579018
177751462
177756843
178312574
178458739
179265890
179384061
180128165
180212514
180447768
180706648
181134985
181882717
181894921
182145948
182222819
182860889
183022135
183140695
183198956
183322924
183424382
183683868
183916036
184413350
184805175
185053380
185816024
186159189
186315361
186434387
186778876
186793529
186944096
187549235
187823343
188612207
188685959
188697871
189122696
189145135
189300728
189556749
189601170
190119903
190142955
190697585
190773903
190922813
191252963
191684118
191768636
191860569
192115280
192418241
193143694
193188622
193200518
193233119
193432406
193831551
194148775
194173499
195172141
195254334
195303166
195371279
195384550
196052992
196515180
196572699
196742103
196938788
197995079
198173939
198238362
198282461
198522028
198533917
198565951
198625456
198626490
198681095
198885922
199780247
200336661
200614185
201301003
201491447
201740891
201983060
202007942
202092355
202397105
202415909
202477836
202481434
202715879
202725471
202948067
203043782
203384142
203432468
203915297
204058853
204675411
204783510
204832305
205018339
205064779
205343594
205424606
205703553
205813973
205880313
205939827
206362012
206630910
207033256
207054730
207283901
207774206
207957372
208031354
208171326
208313072
208374477
208694788
209047415
210149703
210159165
210300510
210524117
211272774
211317994
211379079
211525243
211810943
212248478
212775266
212871979
212933222
213059909
213099513
213511671
213824163
214214990
215019650
215054199
215261052
215416220
215477077
215513005
215767845
216408157
216837603
217013765
217353338
217574732
217677858
217710129
218109694
218621154
219162824
219195844
219919439
220300643
220507199
220749018
221036390
221400032
221430214
221864145
222293784
222546763
223083532
223218011
223359444
223367413
223494155
223897323
223945283
224626901
225004400
225273858
225398534
226553728
226788183
227219343
227322546
227386676
227822803
228297731
228488505
228657309
229365120
229581026
229852767
229996324
230119937
230693352
231057188
231474415
231738823
232212733
232588659
233002064
233621813
234313255
234854988
234873394
235608885
235715788
236495380
236496963
236981389
237395455
238317297
238937395
239098773
239366094
239854752
239980845
240211068
240255787
240336200
240502281
240540037
240547084
241439864
242195690
242581870
242630502
242986928
243070344
244150678
244766876
245754235
245961355
246037027
246250041
246586206
247444520
248106095
248184153
248934652
249345749
249939224
250524391
250666853
250679479
250777074
251177345
251183477
251390014
251488656
252230075
252283004
252619971
252727045
252959802
253229112
253467955
253471861
254110769
254358171
254696399
254820883
255294538
255646678
255763119
256222351
256327628
256338399
256449716
256646769
256678435
256897471
257498136
257605517
257701459
258165694
258827262
259002900
259429776
259498001
259759946
260260793
260677515
260689713
260737023
260819908
260957296
261572407
262142788
262320614
262561687
262879341
262918608
264014663
264288260
264461664
264631204
264693280
265300267
265344664
265388938
265532248
265587764
266448375
266661224
266938136
267357473
267903377
268309091
268591833
269873201
269965492
270186357
270216541
271299696
272099309
272186363
272299902
272359195
272901911
273117947
273520858
273570054
273601820
274339786
274517726
275109428
275144380
275793190
276636312
276878523
277099617
277197938
277390854
277438674
277676530
277903154
277992335
278100715
278385720
278438059
278563878
278816954
279097981
279958093
279967219
280261393
280457075
280473056
280814455
281473286
281814408
282056343
282817460
283676290
283772863
283937344
284240346
284395273
284477698
285148040
285396970
285656275
285841056
285925617
286022638
286158831
286416706
286704154
286727077
287237003
287243193
287254111
287919167
288020362
288282250
288979438
289203017
289360587
289420875
290228845
290791167
291031139
291141810
291290635
291545191
291891236
292166592
292629289
292818262
292883635
292904159
293237401
293238790
293363802
293590090
293982005
294349020
294515518
294529897
294702044
294791125
294854038
294895842
295374125
295419502
295617684
295961231
296574033
296695142
296932726
297814356
297908255
298021931
298379917
298390255
298652363
298666121
299002660
299028165
299052955
299147676
299411022
299520550
299942171
300101129
300356419
300828627
301263580
301650311
302132747
302331965
303182649
303512174
303526906
303936858
304055361
304564595
305437599
305826461
306654007
306761181
306882210
306966939
307280395
307537845
307787043
307845276
308156687
308224691
309088244
309162001
309490987
309610612
310032782
310350550
310756533
310911774
311229948
312145184
312301377
312394726
312404929
312734090
312854352
312953396
313097356
313196411
313603431
313617846
313974662
314250826
314457762
314694162
314742241
315119560
315171220
315449945
315545886
316472637
316615095
317906955
318284487
318329408
319828930
320173971
320400522
320403230
320641240
320683271
320804220
321001336
321385776
321930080
322212893
322315057
322633398
322855572
323097649
323333846
323825468
323930557
323969407
325153620
325218139
325776766
325922703
326747329
327371318
327768014
328340238
328504389
328997978
329304930
329435873
329439218
329760001
329815587
330180092
330265109
330479888
331232417
331324895
331423087
331424526
331465988
331606102
331892273
332062041
332350359
332441048
333385884
333413665
333555075
333711583
334024210
334119589
334796597
335095854
335619120
335767174
335937204
336607842
336907539
336999914
337061053
337887522
338241245
338372300
338550340
338713648
338908628
339351308
339367407
339506147
339967211
340082433
340383652
340554109
340955871
341011114
341473144
341606332
341628426
342875109
342978773
343070619
343249630
343562284
343742154
343745055
343876758
344198285
344313096
344782019
345440558
347025893
347143884
347208806
347274690
347403040
347419364
347698784
347937741
348529939
348627848
348820529
348992292
349394371
349603032
349681166
349705848
349778078
349995456
350143650
350274086
350313721
350316281
351180515
351229299
351370200
351392373
351407013
351479792
351566096
351635641
351977483
352416939
352597349
353191773
353216595
353367388
353515642
353897903
354858573
354947297
355025659
355057211
355251664
355648414
355812768
356040717
356240561
357331272
357556011
357895357
357988631
358225660
358729297
358766650
358972352
359301434
359339895
359422108
359426748
359573663
359897470
360005178
360025011
360136103
360772349
360878929
361114750
361538251
361744081
361819874
361898487
362005273
362291749
362552227
362854917
363509241
363568556
364095803
364105351
364612690
365048225
365091568
365120477
365122808
365160214
365757541
365868663
366010939
366234152
366391328
366460669
366666525
366986952
367204897
367478107
367539960
367573693
367610572
368134141
368551804
368572278
368621610
369002285
369183744
369250396
369348214
369624705
369693376
369721050
369848288
369853133
370039184
370413849
370461324
370659594
370795000
370868716
370968595
370973760
371252610
372334249
372419010
372867547
373037118
373893601
374101350
374298897
374417381
374462811
374651320
374943552
375525456
376610005
376953089
377229821
378068426
379076560
379247923
379477917
379573882
379754309
380060183
380202547
380261918
380490665
380557677
381028980
381326519
381444403
381446062
381564696
381564727
381980266
382276647
382463300
382896178
383042342
383105396
383364328
384626165
384744292
384783843
384905667
385039113
385233110
385407147
385578416
385673893
385870300
386170622
386235030
386320709
386368944
386747847
387113414
388092900
388563086
388798817
389391118
389480944
389768225
389852656
389921743
390677995
391108170
391154133
392141528
392168113
392210604
392234356
392396863
392613179
393020841
393359377
393402050
393614140
394001304
394251862
395070135
395170002
395509905
395671309
396080591
396833364
396841804
397036400
397608490
397759436
397938286
398664932
398825296
399125352
399360466
399849130
400028795
400381170
400467853
400630708
400738196
401150693
401207512
401394077
401550679
401764864
402259088
402733226
403118273
403973200
404231382
404276391
404339379
404347143
404753852
404921927
404981032
405200910
405356260
405436715
405959439
406789063
406814810
407067195
407411080
407432953
407700249
408121142
408719248
408831397
409065194
409165668
409186432
409218673
409378252
409598711
409673133
409753665
410024881
410515423
410566604
410593383
410664806
410865263
410883189
411029837
411833341
412741750
412880468
413209638
413280008
413327506
413793969
414404252
414426972
415201236
415287074
415530411
415766070
415902516
416070015
416793389
416881129
417174853
417191749
417391192
418227064
418250367
419126143
419214877
419222356
419505463
420342140
420342648
420478450
420584789
420788241
421126968
421231979
421345696
422025656
422055660
422326344
423100282
423106597
423135014
423382861
425301675
425475256
425740079
425760073
425820278
425851635
426738619
426828204
427071329
427303165
427693055
427856024
428092035
428094980
428156456
428194989
428290699
428358824
428543283
428896359
429003932
429102759
429219541
429315151
429329043
429403081
430084353
430321281
431021201
431299203
431886185
432218648
432744939
433083382
433186203
433206169
433241879
433304064
433458062
433697421
433803087
433924036
433988767
434087038
435792979
436332546
436836733
437099770
437789611
437812892
437825741
437971371
438039516
438404374
438442811
438887330
439006424
439335286
439557886
439903022
439954037
439963895
440046196
440411010
440726719
440947133
441376816
441437834
441446102
441713491
442236165
442258696
443161915
443761330
443891343
443902285
444566158
444591274
444998088
445017829
445219011
445565880
445871609
445895614
446021873
446046833
446894183
446919087
447530891
447551539
447608309
448083648
448207573
448660481
449036539
449226111
449900759
450103160
450175413
450654689
450856223
450881830
450909494
451019247
451506083
451703732
451835560
451983159
452039044
452107449
452286730
453597724
453903141
453906193
453982461
454093444
454423803
454463872
454535603
455508558
455563725
455616747
456474186
456499865
456811467
456874262
456970748
457155643
457291319
457425697
457489640
457994771
458268969
458283499
458287178
458552680
458857851
459021756
459263775
459375391
459441244
459540604
460750036
461172311
461586424
461600996
461840779
461940064
462105848
462554374
463262413
463592654
464102077
464185853
464257867
464405426
464425548
464574840
465219453
465237073
465307303
465383388
465681553
466240804
466545191
466684117
466940368
467086324
467269942
467354070
467428346
467465005
467831400
467893367
467994322
468018677
468030547
468034965
468074053
468086479
468151649
468506054
468877908
469593316
469598255
469778642
469828807
470012793
470138375
470283609
471534428
471791103
472125012
472166153
472866562
473451671
473457125
473659889
473684263
474342154
474408165
474560291
474812131
474883698
475657354
475795203
476016268
476078869
476320820
476473309
476679883
476764920
477226696
477302111
477378663
477702569
477870213
478043052
478154079
478218045
478558870
478865004
478873902
479012172
479067143
479578178
479643507
479915167
480524992
480913196
481368554
481492197
481714162
481979759
482008619
482285465
482368641
482599420
483004285
483487502
483517151
483537487
483601292
483659254
483743659
483910918
483980277
484353595
484634274
484867963
485154883
485308177
485339634
485909587
486011477
486606215
486654613
486688720
487112089
487362228
487373179
487705550
487771408
487938973
488055312
488296602
488543433
488904938
489213289
489289506
490222686
490277817
490806133
490861152
491123563
491191677
491224596
491249827
491288067
491370859
491412289
491453954
491771955
491781038
492211939
493294128
493787290
493901899
494393594
494508011
494717048
495012885
495215573
495521233
495942543
496210156
496211266
496356378
496539940
496589372
496631398
497040682
497072699
498454209
498539926
498989943
499429935
499441867
499509866
499913326
499918902
500319527
500715212
500720166
500724605
501258616
501688121
501712131
502032044
502113116
502371292
502439074
502724330
503087465
503300583
503354321
503883070
504328889
504417089
505038673
505374137
505931569
505958310
505999330
506390848
507489121
507843879
508529216
508608054
508675326
508694781
508706396
508720907
509415413
509504311
510008400
511317242
511353630
511370438
511668837
512433880
512444220
512557435
513088753
513461078
513602205
515160380
515699809
515737914
515826054
515862739
515877202
516058055
516458522
516878964
516985664
517067217
517204103
517825200
517885331
518951583
518963304
519713396
520235774
520249390
520524956
520560270
520636362
521077338
521533021
521972573
522006804
522306583
522384044
522449958
522530848
523013593
523075126
523217359
523443974
523454691
523612044
523974357
524172843
524764647
525202825
525281902
525357493
526262108
526309235
526680052
527199672
527440116
528160445
528495938
528517282
529347867
529375254
529724423
529789556
530111595
530265100
530298846
530539981
530630356
530874207
530874363
531190181
531239979
531351805
531468948
531501112
531563902
531676004
532183300
532457623
532677017
532713703
532734182
532740304
532989379
533292065
533366973
533371714
533688946
533722709
533925742
534245686
534249002
534704741
534727849
535433193
535838766
536678574
536771560
536911550
537084697
537670049
537944723
537946038
537977300
538089356
538101782
538611463
538953015
539042148
539157182
539174453
539590824
539776809
540117875
540787565
540921619
540979904
541221851
541268184
541703685
542040764
542374518
542750005
542878963
543290634
543528227
543775819
543932072
544158530
544177516
544368093
544524486
544721275
544880902
545150355
545202028
545524322
545546407
545821202
545976861
546492095
546662412
546838310
547010613
547355683
547418072
547723868
548098751
548206976
548791235
548914087
549163422
549166177
549579289
549687023
550236426
550421528
550453119
550613652
550618764
550861813
550933223
551064041
551543953
552359211
552474522
552785046
552911248
553373970
553693558
553879896
554202179
554239165
554306527
554366927
555008168
555181378
555256211
555606352
555748344
555762977
555777375
555925404
556103383
556251573
556491756
556742404
556890002
557091697
557129944
557389420
557491095
557628470
557700683
557764065
557774726
557786103
557959023
558298066
558806001
559072481
559383364
559719129
560128969
560483447
561149990
561340526
561587806
561680297
561875402
561930272
562537843
562709240
562982306
563067663
563308971
563470031
563574567
563658282
563728516
564406623
564425545
564688855
564756158
564885913
565036322
565052523
565106288
565385624
567614640
568820152
568872157
568941744
568950131
569020877
569467715
569556685
569610665
570134493
570163602
570368973
570848722
570978162
571704110
571811838
571910757
572079572
572086605
572423623
572609232
572637548
572981086
573044226
573565411
573676952
573819285
573989390
574146598
574574015
574761158
574891334
576422719
576755694
576952520
577081350
577678578
578052049
578203114
578222787
578247640
578335068
578780892
578941980
578959466
578964924
579020538
579132719
579479116
579580612
580979369
581244891
581394389
581424755
581845129
582179853
582348800
582626053
582742980
583643018
583713076
584295198
584439186
584638756
584713604
585440543
585765709
585906100
586321115
586340924
586776012
587157231
587232969
587241579
587244911
587378641
587441425
587466532
587475503
587790929
588023376
588301347
588613702
589236793
589346532
589993742
590108403
590113277
590628671
591008376
591286077
591451093
591855444
592846028
593098451
593632361
594411686
594503857
594847057
594855245
594909517
595027683
595129514
595151220
595270954
595418520
595489995
595523592
595590942
595725678
595753708
596082031
596523053
596550156
597167156
597455358
597481882
597528793
597888525
597939706
598580866
598750479
598949715
599309216
599370186
599422004
599493308
600576783
600992560
601205523
601600756
602342310
602648130
603135301
603169693
603242261
603258726
603265719
603854798
604220484
604320601
604530960
604758649
604901674
604974553
604978806
605746726
605759280
605803980
606373712
606533927
606753688
606937663
607104676
607372216
607419643
607429918
607720586
607869824
607960177
608542679
608663712
608723629
608814320
609437173
609745980
610005144
610344617
611418365
611554729
611676644
612084775
612142016
612239512
612423560
612497877
613053745
613277524
613342057
613688478
613773126
613931796
614164118
614284867
614311847
614338184
614858645
615039312
615586905
616024019
616757249
617038323
617140357
617957480
618178518
618516743
619378804
619980389
619988072
620439145
620594354
620652929
620894891
621012733
621117362
621376179
621533856
621715784
621922392
622115764
622536295
623140143
623276017
623444523
623987424
624131742
624274081
624452765
624624865
624727882
624750510
624792725
624979648
625069000
625355522
626075484
626286319
626704631
627183272
627387327
627536722
627930659
628100833
628159419
628477891
628563072
628575409
628695486
629276755
629396997
629442079
629732185
630795974
630884232
631126066
631176712
631870270
632201543
632393002
632807821
633030077
634031952
634605895
634627094
635186559
635427948
635616255
635618738
635835315
636526129
636864962
637062345
637265134
637433883
637436625
637821351
637873676
638065857
638123433
638290972
638432497
638462365
638588582
639362212
639452437
639691391
639911802
639992883
640345409
641143748
641226941
641315440
641601810
641715676
642053916
642253183
642467765
642636065
642764234
642866430
642886828
643184374
643317223
644280250
644745845
644876176
645072598
645198230
645216278
645381179
645393467
645471450
645678392
645841602
645863746
646038583
646533551
647064677
647151951
647285080
648177656
648411399
648660718
648966558
649437193
649565583
649733448
649870644
649949112
650039009
650596205
650723744
651207595
651434981
651748280
651830355
651846351
651852228
652029655
652049112
652204057
652457126
652869927
653008027
653108911
653488290
653660364
653729500
654532431
654831639
654871888
654937684
655084335
655382957
655691945
655807634
655833301
657177033
657310533
657321856
657467342
657477738
657838808
658047135
658123631
658920719
659058025
659088995
659208971
659352607
659992944
660237656
660511070
660547423
660693739
660793950
660831845
661185369
661393666
661476801
661503901
661551619
661591007
662175405
662550261
662886068
663472090
664161285
664191853
665658062
665681084
665781866
666102766
666299780
666501641
666973317
666994619
667523347
667616094
667733196
667938825
668589459
668788404
669475278
669520498
669617001
669702233
669794578
669981455
670080790
670300665
671063022
671154727
671570086
671718137
671881188
672014674
672490389
672935813
673069996
673132135
674378188
674506982
674699934
674842417
675515960
675586590
675710550
675902332
675974172
676265872
676352268
676832931
677319646
677566577
678247611
678456004
678495437
679490607
680093498
680236110
680507692
681504402
681581781
681736544
682889642
683871357
684476623
685399362
685553945
685743268
685837575
685943429
686326254
686940184
687046366
687231557
688690062
688940216
688971900
689599845
690668974
690782707
691223548
691248163
691537610
691617189
691890710
692315152
692657478
692756428
692895788
692939269
693043111
693436243
693657339
693843765
693871090
694174119
695808470
696181684
696552755
697098530
697198740
697234780
697848400
697920421
697997061
698806844
698809672
698847013
699436031
699475776
699722896
699803056
700268147
700448334
700466217
700497655
700554060
701510376
701556230
701747127
701751864
701971542
702069033
702429958
702589071
702991276
703839951
703971555
704394317
704905012
705419273
705474920
705511215
705532672
705639610
706273256
706321501
706364310
706537421
707147054
707359230
707759782
707942573
707979830
708341909
708485778
708884005
708914625
709009067
709092256
709138928
709141657
709403527
709805653
709942141
710117368
710396510
710571699
710591813
711104159
711128263
711491642
711495372
711656640
711781180
711886830
712392014
712422244
712545846
712679797
712805653
713086979
713389991
713947279
714052778
714407831
714733728
715420833
715921975
716272722
716311759
716366623
716382108
716386540
716418171
717342318
717353820
717468258
717712361
717877679
718080659
718140040
718151226
718661022
719285139
719287125
719420136
719616745
719815878
720698939
721290342
721400484
722052438
722106988
722439670
722714969
723036173
723231530
723516951
723826103
723948442
724331754
724412563
724669735
724716154
724795975
725262166
725591607
726256095
726737590
727150769
727364641
727466796
727643766
727673996
727713138
727966674
728464144
728467875
728687102
728907897
728985799
729267626
729999128
730305139
730570258
730592506
730999829
731167729
731539680
731614835
732046274
732069480
732073338
733353447
733511986
733612257
733918145
734208579
734242551
734579000
734754149
734881374
735288357
735358364
735601699
735931815
736232677
736260531
736300140
736551111
736687877
736752750
736839076
737295496
737565807
737568718
737925645
738097506
738155805
738301277
738657154
739003022
739625672
739680332
739962345
739971700
739985117
740036808
740837903
741600499
741800772
742208394
742905735
743106735
744389582
744584169
744605606
745146037
745505311
745849569
746050403
746222188
747241111
747596339
748053141
748105074
748150901
748161648
748359289
748533100
748979045
749468159
749548555
749739256
749785116
750498327
750927334
750951209
750992841
751006396
751596560
752279212
752356105
752466261
753107519
753360842
753576704
753907530
754214068
754682782
754854868
754977545
755426952
755552192
756136879
756162306
756637897
756799536
758383849
758481962
758880980
759293074
759433090
759667292
759793881
759969087
760064498
760154190
760327252
760376903
760536677
760635492
761219028
761412067
762108835
762466397
762877381
763031439
763152297
763247293
763559493
763905423
764210929
764255969
764368902
764574521
764648410
765134388
765734120
765751914
765973343
766246850
766953462
767545831
767728494
767845567
767852477
768157477
768482896
768881031
768901662
769812316
770004063
770271749
771190921
772335729
772929128
773108049
774536689
774645995
774880605
775009800
775270510
775678313
775907511
775988552
776015828
776171178
776190335
776253731
776262425
776392630
776741560
778144799
778200526
778577119
779473181
779474316
779534329
779603908
779918326
780147881
780306308
780685161
780805429
780894908
781074133
781123163
781177242
781275205
781681629
783009082
783206593
783397952
783631550
783813502
783825599
783855530
784264862
784549568
784804030
785874749
785930647
786110634
786488051
786774323
787235557
787594604
787616628
788008988
788189935
788908105
789101145
790143277
790314533
790622709
793106248
793120448
793192871
793338178
793434394
793622111
794376518
794414336
795690440
795867597
796012927
797029723
797087003
797615145
797640855
798017491
798415721
798460604
798759630
799550976
799805494
800297120
800303340
800318033
800875033
800926423
801439355
801442578
801827792
802064629
802554717
802594676
802784624
803024856
803392816
803922816
804193333
804766200
804793750
805082940
805695988
805923766
805924660
806163686
806358584
807117698
807164626
807593187
807649033
808099363
808169708
808636899
808955297
809043072
809121940
809227282
809610065
809984487
810112250
810435907
810591130
811237721
811404877
812071268
812116392
812903030
813006223
813016522
813138906
813200942
813231102
813401976
813558053
813745353
814588808
815519168
815657451
815711129
816124284
816777351
816973514
817249070
817277422
817385830
817448235
817607119
817897798
818046104
818608663
818792209
819342061
819953796
820222033
820230996
820397359
820625533
821113695
821148995
821221584
821737020
821768786
821996450
822238672
822623357
822779200
822992151
823289891
823470164
824199657
824209230
824703022
825075333
825319863
825808734
826041118
826084906
826900996
826991095
827031499
827473395
827706336
828923410
828949644
829643533
830574125
830638324
830718814
830784850
831473450
831507602
831575965
832003208
832991808
833129244
833369602
833682049
834171754
834269396
834350959
834438862
834546003
834766064
835347016
835379187
835682321
836387893
837276702
837427825
837436954
837659629
837852635
837952835
838052603
838185680
838642247
838879429
839078422
839421869
839665604
839841476
840158682
840212784
841079559
841257545
841696742
841731532
842034696
842082422
842201231
843176207
843231710
843834410
843952491
844130112
844410576
844480912
845126044
845847891
846032987
846104540
846297317
846419651
846502783
846802105
846940920
847104173
847328616
847349115
847855780
847895672
848451016
848525983
848677365
848746277
849022185
849103336
849379240
849926698
850149262
850413955
850689547
851520565
851959337
852291487
852586157
853064100
853128480
853276980
853481970
853996837
854379067
854643287
854801021
854849036
854877889
854908494
855177864
855345043
855469427
855504681
855593911
855634206
855653963
855818367
856104920
856413159
856768379
856904496
857045339
857416473
857455078
857894039
858476909
859344521
859360659
859540286
859587528
859831373
859972689
860188712
861233900
861896157
862031401
862599388
863140648
863558408
863651471
863928517
864758199
864947160
865044217
865059488
865291912
865841709
866131395
866639463
866695479
866900284
866960727
867336735
867530516
867933417
868003479
868019072
868103460
868117125
868486530
868812657
868961216
869593519
869856888
870241770
870587858
870902793
871166302
871916689
872166300
872213335
872578946
872676003
872852256
873412100
873752221
873855468
874507845
875837868
875950748
876472334
876754334
876783688
876840977
876851080
876859138
877065394
877813650
877917800
878081314
878207583
878847925
879018609
879254220
879373307
879848785
880162648
880236328
880302904
880307853
880463013
880829489
881133140
881218109
881417698
881609977
881858273
882046331
882180122
882315865
882475207
883622310
884929831
885225608
885641299
885947247
886122882
886158648
886352999
886396488
887348383
888060414
888253769
888311967
888424359
888548705
888678704
888873961
889364104
889378809
889641619
889716329
890698245
890794101
890939903
892543864
892645586
892677968
893214638
893220103
893487531
893839057
894559349
894586692
894764998
895306372
896069563
896105322
896326567
896865945
896877098
897328936
897379476
897459215
897601347
897857188
897861119
898837323
899503458
899762621
899903726
900019262
900710502
901074439
901106375
901267119
901656173
901689599
901784148
902047059
902821390
902822753
903269116
903280367
903655905
903959214
904021615
904059973
904263806
904454914
904583627
904669023
904899878
905334439
905412952
905603931
905654290
905768852
905954162
905958479
906140244
906270336
906506422
906971791
907009573
907203723
907478685
907497712
907658207
907798840
907832606
907848184
907876669
908487280
908494354
909858135
910321918
910350231
910627646
910824858
911082611
911669790
911858453
912499089
913277089
913682047
913788141
914045522
914116369
914912029
915049720
915203630
915529636
915779691
916102416
916776411
917279882
917344263
917730088
917753445
918323988
918695075
918751130
918973253
919073790
919151144
919202628
919299715
919515249
919793061
920528379
920759024
920769569
920917697
921093760
921262292
921457886
921584683
921761603
922109222
922911165
923724901
924008992
924167939
924222384
924399568
925429483
925641179
926069099
926083654
926359333
926465264
926971392
927151230
927284750
927406208
927555045
927694034
928235723
928683190
928716650
928940314
929013320
929192738
929277866
929303459
929498088
929967841
930019379
930111124
930582079
930694272
931312624
931815879
932319587
932842854
932942728
933421397
933749683
934069388
935001395
935068914
935141294
935313066
935335704
935374810
935643742
936201200
936329861
936407159
936444404
936500644
936737823
936777221
937116469
937173805
937813956
937947184
939294642
939561023
939782138
939989198
940365171
941066562
941284007
941341617
941964955
942344253
942409585
942440320
943496749
943602119
944208667
944341334
944612800
946414669
946434043
946448138
946528179
946902024
947121305
947244021
947406896
947533854
947969915
948716678
948811949
949380567
949532946
949609749
949874160
950346920
951193070
951969748
952110601
952181868
952423743
952495885
952770691
952801413
952955038
953107285
953107321
953233437
953592869
953595766
954237988
954326329
954845034
955037313
955113010
955231774
955434538
955579183
955700624
956067452
956135284
956178603
956292953
956310033
956503180
956873629
956965962
957206394
957290953
957301726
957447423
957516751
957685246
958230901
958670009
958671892
958685555
958743372
959111793
959318561
959555961
959556350
959995498
960279277
960317909
960403467
960440079
960502197
961002918
961212824
962116971
962438654
962516541
962670882
962707291
962716417
963017018
963316569
963538277
963543175
963647760
963693921
964164631
964201335
964448288
964456876
964879138
964888677
964981611
965128989
965199530
965610716
965662291
965775941
965961312
966562996
966777207
967100882
967107607
967505260
967545739
967701362
967908645
968628860
968693688
968857541
968906804
969489253
969703758
969739565
970273769
970422835
970553859
970768060
971118960
971376668
972003561
972728892
972986079
973001204
973845935
973876281
973943510
974150195
974204053
974468146
974580334
975095873
975390567
975419976
975438244
975515488
975875839
976320065
976337501
976932212
977230751
977368305
977690888
977700063
977986892
978260514
978313439
978711127
978716538
978735840
978889180
979029102
979471033
980068614
980327409
980644507
980927382
980949073
981427927
981800113
981844008
981960709
982432831
982613759
982775704
982824496
983293488
983469598
983547885
983737028
983824539
983931419
984379002
984603377
984642301
984800135
985217631
985950183
986487973
986501930
986684853
986725649
986956064
987093298
987375019
988673196
989003977
989274957
989305923
989838684
990253789
990550375
990931028
991267101
991845744
992489671
992624360
992683092
992695317
992721956
992831275
992887401
994351937
994550410
994966182
995394920
996193626
996266445
996603960
996646363
996840234
997049417
997064902
997731828
997764666
998518476
998975172
999104114
999140290
999749092
1000353569
1000630901
1001177502
1001202056
1001673664
1001912903
1001951282
1001974020
1002073165
1002073310
1002539060
1002684126
1003029876
1003729615
1004263246
1004284822
1004497974
1004531662
1004532991
1004584887
1005302574
1005676717
1005866896
1006400030
1006801300
1006966441
1007237476
1007872668
1008037989
1008108017
1008225306
1008258375
1008274617
1008341438
1008457021
1008538016
1008951495
1008953018
1009136209
1009525280
1009592544
1010071195
1010638605
1010677921
1011190072
1011642286
1011702178
1011878964
1012378331
1012550510
1012816213
1012870391
1013363564
1013430655
1013643844
1013710377
1013956552
1014270100
1014419347
1014530311
1015100068
1015115662
1015144166
1015155683
1015297425
1015959682
1016020581
1016048621
1016436731
1016460994
1016662133
1016743565
1016789638
1017025025
1017057998
1017243061
1017260874
1017859060
1018053249
1018215031
1018218989
1018729308
1018789054
1018814402
1018974671
1019086757
1019128920
1019455159
1019629872
1019803659
1019888990
1020363401
1020489257
1020957388
1021105369
1021418241
1021485752
1021788764
1021836498
1021883094
1022430599
1022583618
1022698448
1022808134
1023830951
1023872816
1024597937
1024885310
1025505486
1025852546
1025920948
1026224927
1026299511
1026490897
1026645106
1027316276
1027981727
1028021439
1028184649
1028388641
1028779717
1028795491
1028830869
1029307630
1029406784
1029691066
1029940619
1030071340
1030376878
1030404291
1030484903
1030575899
1030777008
1031801329
1031907897
1031926137
1032026508
1032352385
1032809574
1033016493
1033320859
1033637421
1033843156
1034141281
1034884629
1034889026
1035011197
1035415449
1035577258
1035649951
1035800451
1035897513
1035949797
1036269345
1036389945
1036680926
1036770134
1037016787
1037061179
1037102174
1037176586
1037281846
1037476688
1037563869
1037793526
1037821709
1037964340
1038037677
1038224673
1038335478
1039361086
1039462092
1039848636
1039913211
1040018361
1040382763
1040513029
1040961502
1041063428
1041145443
1041252864
1041446620
1041450083
1041965855
1042260001
1042792845
1042952786
1043127605
1043405602
1043550364
1043601501
1043697015
1044003723
1044654988
1044853989
1045038016
1045220566
1045516613
1045841806
1046028462
1046107058
1046449939
1046649548
1046801130
1046835053
1047106753
1047227936
1047402925
1047590113
1047875869
1048271904
1048315810
1048550339
1048744668
1048899133
1049161227
1049369687
1050090576
1050386498
1050397610
1050913764
1050999214
1051472343
1051625085
1051792590
1052215062
1052484168
1052718500
1053365839
1053876571
1053915397
1054388655
1054840519
1055390748
1055518703
1055543784
1055695917
1055865332
1055915519
1056095368
1056184533
1056278217
1057130924
1057170584
1057192953
1057338105
1057349644
1057412198
1057418462
1057724711
1058367042
1058726498
1059960794
1060602985
1060889659
1060902801
1061237503
1061355527
1061676590
1062140856
1062285803
1062358700
1062529375
1062672188
1062683506
1062757013
1063059007
1063068030
1063840503
1063982454
1064126014
1064885506
1065316569
1066036586
1066458582
1066604666
1066654808
1066807255
1067987504
1068064843
1068243143
1068486738
1068551447
1068750649
1069373710
1069418786
1069506539
1069545498
1069606162
1069620286
1069702293
1070245435
1070585301
1070715611
1071158203
1071405847
1072113691
1072167180
1072517652
1073407060
1073535353
1073629117
1073803484
1073869331
1074033302
1074054840
1074127313
1074145540
1074657157
1075169384
1075428061
1075487192
1075646823
1076039470
1076251590
1076561001
1077080429
1077098319
1077257907
1077559412
1077777427
1077915720
1078051947
1078213888
1078364695
1078434897
1078458161
1078575545
1078614519
1078780742
1078914231
1079065317
1079582838
1079853942
1079916042
1080184165
1080245050
1080505027
1081257513
1081313565
1083324411
1083769784
1083962839
1083973772
1084005475
1084328066
1084348801
1084462978
1084712461
1084860442
1085180258
1085250061
1085258970
1085317404
1085586745
1085700267
1086084830
1086881839
1087275792
1087340954
1087369182
1087921102
1088185060
1088274203
1088437480
1088470322
1088603445
1088680944
1088917911
1090085036
1090130437
1090835723
1090927614
1090967056
1091052118
1091268879
1091645194
1091647811
1091671861
1092042904
1092078808
1092508748
1092637914
1092684780
1092781014
1092919186
1092934419
1093100998
1093735137
1093867979
1094469669
1095005384
1095516823
1095726564
1096486090
1096790725
1096791896
1097238665
1097759073
1097780791
1098505048
1098527496
1099317082
1099325501
1099744319
1099923357
1100558332
1100639541
1100730721
1101182363
1101188886
1101393466
1101808875
1101820653
1101868951
1101954797
1102352333
1102414240
1102696945
1102817208
1102914654
1103266360
1103728591
1104265390
1104331376
1104430798
1104434206
1104583789
1104601868
1104618719
1104760444
1105402388
1105849874
1105865080
1106107788
1106370502
1106528860
1106762439
1107057834
1107487273
1107641372
1107781042
1107795020
1108041997
1108066523
1108687442
1108754057
1109086758
1109142878
1109194049
1109373709
1110012277
1110054421
1110085128
1110280000
1110293624
1110632399
1110794835
1110855566
1111379569
1111417359
1111489639
1111572517
1111579866
1111659317
1111701705
1111790093
1111826988
1111968395
1111999335
1112662772
1112762168
1112792393
1112886412
1113146988
1113154943
1113373539
1113734279
1113963854
1114005930
1114194169
1114194859
1114222257
1114656620
1114714261
1114723343
1115150734
1115229107
1115302932
1115458060
1115676432
1116074018
1116380957
1116596416
1116721301
1116840238
1116976857
1117001523
1117159676
1117177025
1117628902
1118128514
1118634851
1118754059
1119189564
1119299604
1119781220
1119856539
1119955075
1121385814
1121496476
1121619404
1121699640
1121752732
1121837543
1121945906
1122007998
1122182228
1122651939
1122787972
1122905078
1122934267
1123029603
1123557807
1124764485
1124838667
1125147766
1125304240
1125790417
1126095290
1126787442
1126851438
1126865927
1127180975
1127502726
1127737893
1127800217
1127974335
1128177455
1128733745
1128789150
1129114572
1129197729
1129318370
1130146077
1130208098
1130209743
1130692257
1130889054
1131439565
1131742479
1132209732
1132392866
1132694705
1132710030
1132739144
1132828725
1132941284
1133027796
1133441467
1133695885
1133811942
1134852073
1135005356
1135256574
1135732166
1135784292
1135921756
1136383875
1136527564
1136603899
1136954594
1136957590
1137408080
1137607450
1137734464
1138026110
1138063723
1138461070
1138546559
1138970385
1139962242
1140276578
1140278187
1140593085
1140677548
1140706362
1140906757
1141123278
1141721875
1141919163
1142567491
1142791318
1143155192
1143259952
1143566690
1143573850
1143792311
1143996399
1144014527
1144215814
1144231932
1144288652
1144504613
1144605411
1144908704
1145194110
1145419992
1146255294
1146387485
1146537146
1147010819
1147208247
1147602540
1148703571
1148850222
1149157131
1149434070
1150171497
1151360424
1151651364
1151806021
1151816773
1152307363
1152463196
1152504598
1152561010
1152639612
1153506356
1153640266
1153734795
1153889366
1154121947
1154206327
1155120303
1155198145
1155577166
1155643599
1155706969
1156435828
1156582374
1156899000
1157526204
1157542843
1157990235
1158372658
1158407350
1158616718
1159185256
1159304409
1159600851
1159863035
1159929137
1159942390
1160954766
1161169857
1161171142
1161295481
1161632097
1162832975
1163102204
1163189071
1164035770
1164117787
1164304976
1164431058
1164438524
1164551533
1164631275
1164632135
1164794806
1165734103
1165947814
1165990788
1166434695
1166438415
1166810921
1166950000
1167099753
1167247576
1167560271
1167858430
1168548377
1168793798
1169168524
1169252634
1169564770
1169627749
1169745451
1171062710
1171303604
1171339678
1171374577
1171383202
1171930799
1172112852
1172293087
1172539553
1172563534
1172739523
1172762267
1172812168
1172816063
1173153601
1174200634
1174850553
1174972818
1175711010
1176012805
1178080011
1178306769
1178484838
1178596631
1178615956
1180453793
1180505105
1180737954
1181287261
1181573160
1181842852
1182090556
1182130532
1182147081
1182356855
1182371016
1182818321
1182914442
1183097064
1183192389
1183372679
1184893777
1185182229
1185472047
1185908543
1186278256
1186583836
1186776283
1187367883
1187525786
1187638921
1187814601
1188274491
1188641324
1188674956
1189094092
1189379776
1189822333
1189951204
1190125060
1190236371
1190273160
1190592576
1190641215
1190779290
1191280118
1191638696
1191693154
1191740411
1192037926
1192075907
1192286698
1192756335
1193124274
1193259879
1193585723
1193839142
1194426082
1194448741
1194885003
1195031939
1195326119
1195334226
1195856841
1197055570
1197410373
1197675633
1197825425
1198088235
1198413319
1198820571
1198886605
1199265613
1199317228
1199588409
1199812399
1199965304
1200227073
1200330663
1200614028
1200680671
1201122042
1201238175
1202036117
1202329143
1202841380
1203433522
1203439543
1203633147
1203702922
1204992606
1205679235
1206218815
1206266618
1206358106
1206410039
1206798838
1206848783
1207535487
1207664867
1208209941
1208640461
1208674504
1208832216
1208911684
1209333510
1209385774
1209471032
1209650457
1209871167
1210214980
1210617040
1210635549
1210763954
1211437172
1211793610
1211863601
1211919327
1212280666
1212425223
1213008816
1213525083
1213710232
1213719750
1213802450
1213853999
1213952176
1214009297
1214142855
1214252348
1214609359
1215043060
1215248903
1215296480
1215412834
1215441620
1216035928
1216178514
1216513944
1217960684
1217992728
1218314233
1218579924
1218838687
1219483435
1219622636
1220077265
1220149340
1220315845
1220446868
1220759870
1220828823
1221417084
1221790261
1221983082
1222202025
1222270214
1222563090
1223456081
1223558361
1223996303
1224123362
1224307160
1224485239
1224526827
1224588403
1224598072
1225443966
1225769064
1225829543
1226116840
1226550977
1226795844
1226912804
1227172891
1227294732
1227588066
1227853332
1227975217
1228152141
1228510659
1228560909
1228670334
1229695692
1230382299
1230539763
1231100721
1231160376
1231480862
1231493289
1231577522
1231814989
1231985949
1232002277
1232127203
1232619271
1232759820
1232870170
1233383385
1234102416
1234326593
1234636960
1234771115
1234810631
1235620119
1235792504
1235802871
1235947588
1236124556
1236647653
1236933807
1237126039
1237146986
1237541167
1237552944
1237619981
1237738478
1238200856
1238510272
1238764845
1239252305
1239483268
1240109115
1240831322
1241762540
1241821844
1242097547
1242187395
1242288653
1242292108
1242320901
1242472169
1242825257
1243831998
1244158754
1244507785
1244645891
1244879988
1245180594
1245484245
1245939872
1246213451
1246994239
1247012128
1247137763
1247438148
1247848183
1248395445
1248767953
1249290460
1249341300
1249522662
1249963562
1250133054
1250444688
1250534074
1250542902
1251358022
1251580742
1252084501
1252190449
1252232376
1252773945
1253102363
1253771511
1253840218
1254027005
1254084285
1254222515
1254658648
1254773790
1254790972
1255241935
1255305291
1255443772
1255545926
1256135071
1256146365
1256414859
1256476366
1256652380
1257042298
1257061341
1257653617
1257760368
1257769483
1258381750
1258415705
1258694140
1258860015
1259318680
1259610397
1259633515
1260114882
1261150522
1261172023
1261283124
1261287682
1261431759
1261617947
1261693708
1262072270
1262073794
1262152021
1262159232
1262346809
1262614890
1262900999
1262904767
1263283786
1264111718
1264127018
1264170264
1264822261
1264883751
1264894037
1265895197
1266439334
1266444891
1266935758
1267219815
1267579215
1268210742
1268511283
1268762392
1269170295
1269404162
1269492030
1270152246
1270193401
1270324349
1270402763
1270418108
1270934792
1271011293
1271100730
1271160865
1271162968
1271253228
1271777178
1271971996
1272069270
1272124461
1272235332
1272269814
1272305117
1272467215
1272804208
1272866763
1273018055
1273964756
1273978990
1274400255
1274418477
1274802351
1275334812
1275346050
1275676226
1276437610
1276716819
1277035084
1277385677
1277493643
1278061675
1278456915
1278485422
1279577173
1279786962
1279791244
1279890372
1280733713
1281066608
1281267401
1281853632
1282125707
1282143053
1282395168
1282578663
1282915823
1283662800
1283677069
1283951998
1284157996
1284192575
1284368149
1284769043
1284971224
1285138554
1285262810
1285855869
1285932471
1286171592
1286182200
1286709023
1287090421
1287226827
1288105167
1288124909
1288395083
1288690025
1288783995
1289142543
1289633961
1289872670
1290011513
1290148689
1290171429
1290214101
1290220763
1290669466
1290704050
1291098210
1291336738
1291399552
1291704440
1291819444
1293295880
1293533896
1293879760
1294972523
1295622445
1295961192
1296255299
1296534631
1296901545
1297082406
1297186144
1297985100
1298058647
1298708303
1298809647
1299386186
1299710395
1299845365
1300191506
1300482280
1300797080
1300853362
1301069130
1301690838
1301711483
1301995234
1302117081
1302180605
1302300563
1302318385
1302357751
1302479680
1302701770
1303709796
1303770128
1303852928
1304158470
1304346852
1304795545
1305425819
1305792585
1305813514
1306070306
1306222201
1306349586
1306383031
1306407442
1306433412
1306708732
1306755643
1307035912
1307412801
1307594470
1307650970
1307862178
1307957198
1308112880
1308312260
1308338989
1309362601
1309412369
1309505265
1309607695
1309941809
1310573979
1310887327
1310969462
1311453672
1311623728
1311764476
1311866553
1312158997
1313586218
1313648669
1313768210
1313851758
1313950773
1314002505
1314113246
1314206034
1314731344
1314805487
1315237417
1315373230
1315448600
1315885591
1316436943
1316854442
1316916403
1317061734
1317550275
1317893527
1317917702
1318145004
1318445050
1319045138
1319052949
1319437216
1319614169
1319666062
1320112086
1320126206
1320207421
1320835210
1321345430
1321849041
1321954331
1322005537
1323418126
1323737945
1323900016
1324282407
1324537510
1324795599
1324860273
1325053853
1325502965
1325745821
1326042489
1326132520
1326173502
1326726725
1327523670
1327672233
1328306692
1328416019
1328495233
1328785433
1329080765
1329131161
1329317287
1329428468
1329585934
1329620016
1329692343
1330379557
1330546952
1330782657
1330986551
1331083239
1331187185
1331356870
1331404368
1331579503
1331989423
1332174203
1332295139
1332477052
1333292719
1333362153
1333987123
1334152308
1334529087
1334542677
1334817590
1334905521
1334956196
1334973113
1335087588
1335649723
1337084787
1337176492
1337266111
1337341259
1337482837
1337508627
1338072928
1338236507
1338814504
1338921489
1339224120
1339437302
1339782827
1340258398
1340826803
1340946579
1341500284
1341762312
1342009674
1342396589
1342677214
1342749843
1342825182
1342885372
1343180916
1343256667
1343415053
1343649475
1343911027
1344204008
1344592970
1344871079
1345080683
1345515089
1345912680
1346115357
1347671791
1347956609
1347987374
1347999427
1348037261
1348107292
1348890693
1349001288
1349321770
1349466322
1349555098
1349795691
1350062084
1350581444
1351302520
1351416527
1351670154
1351919022
1352245762
1352334969
1352737506
1352971299
1353016390
1353145538
1353241927
1353548007
1353699083
1353706023
1354044322
1354120151
1354231260
1354434727
1354771738
1355565792
1355813297
1356056657
1356647280
1356906575
1357007686
1357627146
1357807354
1357892900
1357926614
1358003931
1358266633
1358331380
1358375307
1358586332
1359037479
1359052690
1359138012
1359162140
1359290714
1359775645
1360067607
1360211266
1360649427
1361269258
1361423167
1361498749
1361610175
1361853136
1362480574
1362484851
1362978531
1363164608
1363177376
1363282302
1363655951
1363683425
1364310147
1364481713
1364486991
1364786608
1365825064
1365888744
1365917774
1365936050
1365960913
1366517972
1366575237
1366705391
1367009224
1367404834
1367460361
1367534157
1367760380
1367823893
1367914130
1367975105
1368477475
1368529975
1368610952
1369191121
1369620515
1369829737
1369851507
1370630632
1370685514
1370729020
1371006140
1371790614
1372048760
1372078199
1372333600
1372781698
1372979286
1373169875
1373867109
1374562432
1374814706
1374878532
1375330915
1375417596
1375446893
1375999057
1376910309
1377328560
1377333470
1377666785
1377949199
1377950281
1378357003
1378861841
1379301513
1379709821
1379964905
1380232289
1380399121
1380679055
1380694582
1380811134
1380813583
1380855016
1380896034
1380991793
1381270665
1381312544
1381815233
1382473128
1382674197
1382768839
1382807084
1382833878
1383119788
1383207023
1383885381
1384166203
1384282393
1384642075
1385366736
1385564289
1385996153
1386318310
1386544136
1386958940
1387308197
1387905096
1388055775
1388063560
1388390256
1388914774
1389277008
1389529703
1389859075
1389962913
1390021249
1391054661
1391504463
1391731886
1392155123
1392920438
1393196841
1393210714
1394029142
1394264098
1394298004
1394463779
1394586872
1394607298
1394656311
1394691207
1394946597
1395632157
1395880116
1396116308
1396273474
1396311832
1396625308
1396745658
1396795385
1397080620
1397143300
1398494330
1398513815
1398661684
1398736567
1398885264
1399656061
1400180727
1400945738
1400961021
1401031009
1401831028
1402034049
1402277932
1402602155
1402753509
1403436672
1403574983
1403790728
1403919693
1404214014
1404848156
1405537868
1405543714
1405560419
1405642724
1405705212
1406269427
1406331681
1406527544
1406536428
1407739535
1407854378
1407975839
1408353694
1408536303
1408655714
1408663428
1409220282
1409332823
1409678926
1410105934
1410111023
1410185390
1410725793
1410898889
1410969860
1411061882
1411631687
1411778560
1411810169
1411842994
1412175384
1412390535
1412398562
1412639522
1413432318
1413505162
1414114589
1414351400
1414462567
1414610408
1414662899
1415443178
1416120012
1416250068
1416518769
1417892162
1418313444
1418457124
1419674930
1419728870
1419733619
1420115040
1420407720
1420502202
1420654391
1420690704
1421330767
1421498768
1421521706
1421642671
1422290385
1422309492
1422346342
1422485652
1422620023
1422969064
1423207110
1423680931
1423995148
1424442851
1424670945
1424747288
1425287454
1425645521
1425822643
1426076409
1427085721
1427086009
1427317121
1427337112
1427405785
1427892261
1427950165
1428448346
1428875631
1428954949
1429249757
1429403710
1429404416
1429526175
1429827058
1429917455
1430093935
1430766603
1430773381
1430795901
1430900532
1430998090
1431227020
1431618653
1431857185
1432324814
1432724725
1432901630
1433057689
1433500868
1433712856
1434374280
1435382922
1435424232
1435683830
1436215139
1436284952
1436679540
1436752699
1436994058
1437459817
1437618005
1437653616
1437899684
1437925515
1439253192
1439649935
1439672721
1439891776
1440103325
1440223699
1440427677
1441137728
1441237109
1441474691
1441584501
1442081688
1442218796
1442341692
1442563930
1443133971
1443147854
1443904042
1444062886
1444166743
1444566070
1445050715
1445483024
1445729926
1446159100
1446371526
1446925986
1447162676
1447932242
1448003883
1448221343
1448369160
1448567620
1448811339
1448960990
1449044280
1449539293
1449988108
1450046233
1450210956
1450415048
1450730909
1451228280
1451251821
1451256478
1451549113
1451703543
1451993960
1452013418
1452221507
1452447337
1452639513
1452695829
1452724373
1452753356
1452766310
1453306364
1453600236
1453636654
1453687743
1454387877
1454448148
1454671352
1454755619
1454803849
1455104159
1455190998
1455438489
1455483476
1455839104
1456104576
1456287955
1456459076
1457440415
1457444987
1457514801
1457554485
1457751013
1458170697
1458251806
1458347985
1458702024
1459087751
1459342100
1459361105
1460263330
1460479624
1460889036
1461131916
1461200073
1461639564
1462421662
1462633434
1462674213
1463079714
1463471907
1464556166
1465010137
1465366754
1465614903
1465725779
1465804295
1465948433
1467021873
1467327751
1467953653
1468061888
1468186044
1468201187
1468928267
1469050748
1469108170
1469178330
1469502715
1469557288
1469956980
1470088984
1470214262
1470268049
1470426469
1470967542
1471424238
1471906351
1472238716
1472347979
1473449168
1473692207
1474104247
1474862344
1475122857
1475308269
1476857689
1477232108
1477355162
1477705481
1477741623
1477746485
1478067359
1478179402
1478264132
1478268302
1478306771
1478907910
1479055385
1479405573
1479854618
1480050131
1480060705
1481446831
1481521590
1481638684
1481639150
1481691042
1481844337
1481850713
1482079008
1482326548
1482349548
1482583918
1482786370
1482969812
1483009390
1483139070
1483273558
1483335932
1484423687
1484577306
1484636895
1485007081
1485072168
1485166465
1485349816
1485391329
1485666862
1485940719
1485943922
1486018569
1486038334
1487506155
1487968692
1488236323
1488336998
1488484298
1488688988
1488721032
1489498442
1489992175
1491143516
1491417769
1491866471
1491984497
1492062060
1492244624
1492279007
1492350178
1492448943
1492627680
1492806307
1493113264
1493234375
1493326028
1493548784
1493740709
1493972627
1494182173
1494339145
1494347713
1494592420
1495032118
1495426386
1496561434
1496944610
1497382091
1497424104
1498105004
1499017488
1499439821
1500006646
1500102186
1500172829
1500470720
1500514977
1500756906
1501051830
1501137868
1501358326
1501483838
1501589368
1502375946
1502768773
1502830350
1503394741
1503750809
1504000169
1504186793
1504288288
1504363999
1504443910
1505116261
1505478075
1505933561
1506422130
1506499151
1506576014
1506773055
1506933041
1507008957
1507156254
1507576334
1508340354
1508612502
1508732472
1509136258
1509401172
1510907366
1512016051
1512182937
1512567460
1512753882
1513102956
1513271666
1513666940
1513681360
1514062462
1514232153
1514596194
1514647518
1514796948
1514986986
1515380212
1515648557
1516009710
1516450103
1516615274
1516618051
1516707740
1516972135
1517503269
1518249430
1518494241
1519302258
1519378478
1519796508
1520573745
1520660888
1520968877
1521013529
1521112931
1521532060
1521846296
1522661683
1522909407
1522998073
1523391405
1523523643
1523526479
1523783472
1523803099
1524142227
1524234301
1524311250
1524619162
1524817270
1525260357
1525878813
1526437207
1526513654
1526604952
1526677059
1527579489
1527854128
1527901409
1528459922
1528512882
1528670072
1528840949
1528991688
1529214021
1529500315
1529663127
1530036154
1530311443
1530683355
1531052806
1531546226
1531613219
1531918015
1532007244
1532216527
1532268349
1532301615
1532372067
1532388262
1532502246
1532532908
1532539170
1532740725
1532919893
1533309747
1533488937
1533505709
1533670522
1533788034
1533868277
1534084302
1534117031
1534401566
1534445591
1534463001
1534586073
1534815031
1534886173
1534967122
1535224045
1535231813
1535429882
1535693776
1536184817
1536723970
1537077040
1537419141
1537501783
1537551806
1537676969
1537798723
1538348227
1538975681
1539034025
1539297514
1539367852
1539488601
1540082107
1540188322
1540433594
1540554107
1541147756
1541195377
1541577956
1541835383
1542136351
1542176861
1542207353
1542272028
1542926570
1542939033
1543319940
1543899676
1543927384
1544112228
1544118142
1544126844
1544220812
1544599351
1544614953
1544703990
1545362925
1545398220
1545598775
1546125365
1546476541
1546578510
1546667002
1546962350
1547016171
1547203928
1547403867
1547847307
1547895045
1547939667
1547947596
1548115073
1548457384
1548741426
1548823825
1549192461
1549348927
1549544178
1549992846
1550050254
1550319425
1550773802
1550945844
1551057756
1551251245
1551542341
1552190382
1552195413
1552266526
1552566708
1552757684
1553495017
1553561979
1553794613
1554055726
1554273804
1554530080
1554743955
1555454495
1556436969
1556500429
1556683922
1556993449
1557366311
1557515794
1557743442
1557870524
1558477594
1558555864
1558573861
1558611958
1559455958
1559596892
1559687443
1560216512
1560237920
1560494356
1560873388
1560929159
1561478735
1561529178
1561742109
1561788860
1562478825
1562809654
1562927407
1563351957
1563616884
1564274555
1564316792
1564401758
1564463135
1564661961
1564846978
1564940610
1565012651
1565113922
1566115809
1566289464
1566316397
1566361800
1567086072
1567618702
1567787713
1568187733
1568271192
1568653552
1568729865
1568834690
1568987366
1569117797
1569280320
1569709231
1569876205
1570824271
1570917097
1571091954
1571233013
1571384104
1571597394
1571875131
1573053358
1573138983
1573324470
1573389209
1573466482
1573479160
1574004973
1574031183
1574057838
1574247505
1574497947
1574511516
1574604332
1574886555
1574916287
1574940528
1575178828
1575444409
1576821789
1577300464
1577398102
1577526345
1577864552
1578070522
1578271620
1578610725
1579325945
1579440852
1579923306
1579986729
1580160589
1580333492
1580340722
1580372258
1580471565
1582359571
1582610913
1582745742
1582913663
1583067381
1583328657
1584352875
1584680847
1584914766
1584921141
1584957659
1585458789
1585578797
1585852411
1586209214
1586266020
1586333057
1586354234
1586406891
1586460748
1586481261
1586500267
1586535026
1586603092
1586702412
1586878312
1586908164
1587010019
1587224529
1587237117
1587398764
1587494357
1587715069
1587813813
1588564778
1588566989
1588690655
1588808656
1588971776
1589019466
1590186992
1590234302
1590705367
1590712037
1590737791
1591210824
1591897776
1591976957
1592191319
1592783493
1592975240
1593061730
1593276384
1593444351
1593834320
1594319873
1594593052
1594632438
1594797354
1594926449
1595284124
1595377024
1595555969
1595720016
1595815319
1595864034
1595956161
1597233239
1597255285
1597549121
1597955700
1598329556
1598525486
1598945785
1600093001
1600329211
1600643516
1600793610
1601114666
1601348100
1601416608
1601507606
1602180772
1602286248
1602324873
1602353882
1602572538
1602591330
1602719840
1602826067
1603315757
1603606562
1603794279
1603922491
1604168763
1604271071
1604432093
1605162663
1605564005
1606004146
1606035343
1606344925
1606557556
1606609638
1606621772
1606682847
1606831131
1607422769
1607510808
1607729619
1607733914
1608207439
1608221535
1608287879
1608830445
1609052726
1609128763
1609176424
1609579002
1610170679
1610332695
1610878128
1611503276
1611575544
1611703420
1612023836
1612204426
1613137292
1613142600
1613860773
1614470852
1614937208
1615019712
1615560187
1615723176
1615869835
1615922943
1616241811
1616322500
1616790988
1617166903
1617572327
1617609120
1618273037
1618377549
1618743603
1618858241
1619015311
1619031861
1619716475
1619783222
1619949428
1620052332
1620628139
1620654945
1620709770
1620804987
1620805151
1620899087
1620986478
1621378100
1621638604
1621835430
1622168607
1622503499
1622609035
1623196986
1623687693
1623806334
1624754318
1624901088
1625042531
1625094794
1625812881
1625972949
1626093817
1626159732
1626393576
1626507411
1626573847
1626637247
1627032957
1627260303
1627326333
1627877475
1628054134
1628146062
1628528186
1628619780
1629276674
1629515878
1629550990
1629768897
1629927862
1630579112
1631942316
1631969466
1631998535
1632009152
1632133158
1632161799
1632276639
1632281980
1632341243
1632546488
1633359388
1633468281
1633497150
1633526404
1633682824
1634158743
1634426180
1634444033
1634645866
1634942676
1634988541
1635106276
1635261934
1635602291
1635681077
1636191335
1636820167
1637062256
1637147443
1637246740
1637342689
1637711245
1637900796
1638117581
1639351971
1640017093
1640124778
1640528293
1640938349
1641903720
1641962024
1642137549
1642142854
1642261639
1643082905
1643375502
1643446615
1643469569
1643532481
1643542859
1643596807
1643624168
1644163307
1644279215
1644543637
1644674463
1644684506
1644700230
1645138302
1645407155
1645755905
1646687861
1646703406
1646972538
1647115317
1647130126
1647141080
1647262973
1647462700
1648595194
1648694893
1649099609
1649725182
1650101927
1650521769
1650580519
1650762744
1650861371
1650892995
1651016552
1651107429
1651706161
1652275442
1652357940
1652850423
1653171885
1653195190
1653259764
1653953266
1654864550
1654905068
1655250905
1655410513
1655497119
1655671384
1655924175
1657739561
1657759629
1658028389
1658443083
1659012191
1659209477
1659218819
1659386468
1659460874
1659734242
1659956599
1660206136
1660375216
1660763097
1661046659
1661084468
1661505559
1661600222
1661649755
1661958319
1661989620
1662057927
1662435412
1663106256
1663160052
1663197314
1663275257
1663340455
1663371387
1663953407
1664431782
1664784772
1664833465
1664851859
1665009660
1665715050
1666101349
1666828609
1668085490
1668121850
1668320650
1668359863
1668372135
1668467939
1668683564
1668755965
1669248020
1670195042
1670419420
1670644371
1670862338
1671040468
1671224387
1671441206
1671585363
1672294901
1673362079
1673418012
1674017982
1674150579
1674242601
1674271281
1674360244
1674457888
1674862581
1674933278
1674976989
1674994100
1675289507
1675444120
1675825785
1675830895
1676394668
1676857422
1677190108
1677401223
1677524831
1677681060
1678200997
1678596040
1678659001
1678686891
1679057422
1679108425
1679137296
1679456831
1679507335
1679577454
1680106630
1680311321
1680679862
1681024702
1681608177
1681867302
1681912485
1682122850
1682127157
1682173975
1682232798
1682396003
1683614987
1684508413
1684809511
1684821309
1684928564
1685051303
1685196078
1685231794
1685475154
1685935333
1685990374
1686845955
1687188401
1687192628
1687714975
1687777248
1688083095
1688134805
1688143261
1688210828
1689233377
1689376993
1689471546
1689517963
1689569724
1689797090
1690145246
1690302113
1690578492
1690667765
1690705131
1690927619
1690998016
1691428280
1692290153
1692747281
1693418128
1693533052
1693682828
1694166896
1694179251
1694193821
1694265379
1694617185
1694678318
1694879911
1695038160
1695119416
1695352065
1695599672
1695815737
1696735140
1696755980
1696763541
1697361939
1697868838
1698077823
1698371626
1698434364
1698571230
1698634640
1699111078
1699259401
1700081930
1700350237
1700788577
1700914539
1701183146
1702141845
1702171245
1702250877
1703256151
1703272053
1703557877
1704149033
1704230314
1704409551
1704476329
1704602542
1704890869
1704915666
1705259566
1705418302
1705627833
1705798102
1706252174
1706966613
1707134530
1707691249
1708136170
1708174935
1708176113
1708693706
1708758709
1708796323
1708800876
1709116610
1709205439
1709272501
1709414276
1709566622
1709799393
1710310775
1710465747
1710597782
1711069421
1711258105
1711359081
1711378200
1712273259
1712353370
1713167234
1713203515
1713987406
1714391557
1715164232
1715252463
1715909438
1716401543
1716543950
1716563422
1716614968
1716821106
1716949690
1717246988
1717262832
1718099160
1718541502
1718746434
1718887220
1718952984
1719100955
1719151294
1719648470
1719917903
1720370267
1721511192
1721601379
1721756655
1721979362
1721984030
1722002729
1722753243
1722906830
1723643862
1724599495
1724778359
1725177230
1725293804
1725300569
1726255013
1726342909
1726382482
1726486347
1726529973
1727187238
1727779890
1728184411
1728269914
1728320158
1728538512
1728836614
1728972829
1729298788
1729398703
1729434436
1729534409
1729692312
1729875336
1729895680
1729910971
1730384904
1730518150
1730679704
1730846327
1731675942
1731678670
1731763288
1732019476
1732418924
1732988537
1733163049
1733330439
1733792468
1733848299
1735014528
1735305919
1735309388
1735588827
1735672816
1736107566
1736230023
1736469017
1736583113
1736584910
1736856326
1736946684
1736955160
1736983928
1737426361
1737562248
1737616170
1737825733
1738124438
1738376653
1738378648
1738688751
1738734353
1738888046
1738964744
1739309669
1739650824
1740296591
1740432416
1740510865
1740918726
1741429897
1741462432
1741604384
1744000946
1744246054
1744271891
1744349246
1744781400
1744832114
1745264249
1745417090
1745927611
1746560976
1746971982
1747233898
1747302788
1747615211
1748035158
1748414973
1748893513
1749040513
1749305898
1749383575
1750093798
1750135112
1750444136
1750537006
1750618816
1750700938
1751212096
1751404512
1751515704
1751610322
1751864683
1751985760
1752142952
1752682563
1752870693
1752910458
1753205320
1753567300
1753695401
1753973252
1754212590
1754468574
1754834606
1755066515
1755523452
1755852293
1756023573
1756257056
1756688166
1756723589
1756745181
1756756509
1757357736
1757361825
1757705164
1758620287
1758840489
1759003782
1759253744
1759286177
1759476498
1759639850
1759891358
1760163593
1760312595
1760421263
1761949419
1762217613
1762224293
1762326392
1762340312
1762534186
1763146665
1763538642
1763813316
1763821680
1763831113
1764382149
1764660029
1764983728
1765328979
1765724364
1765970961
1766242595
1766356337
1766418061
1766611494
1766847674
1767346675
1767591217
1768321217
1768517924
1768537050
1768543514
1768791638
1769133751
1769374494
1769523690
1769619915
1769635654
1769902033
1770036897
1770242038
1770661494
1770719183
1770998013
1771363184
1771786854
1773050463
1773687790
1773937101
1774122722
1774237596
1774304444
1774535547
1774654677
1774984666
1775198546
1775395434
1775488465
1775888568
1776056135
1776119163
1776437555
1776633427
1776758529
1776801329
1777121557
1777346470
1777608537
1777878466
1778269266
1778404484
1778770478
1779293004
1779408991
1779596607
1779740460
1780018349
1780270266
1780748873
1780917155
1780961506
1781017020
1781107443
1781271517
1781935929
1782297139
1782545453
1782738399
1783004640
1783381317
1784572043
1784652265
1784858176
1784866921
1785335123
1785704770
1785867723
1786330469
1786360032
1786983155
1787132880
1787938564
1787951038
1788029021
1788457768
1789554293
1789647748
1790053011
1790413356
1790701497
1791117049
1791643489
1791850196
1791979893
1792034110
1792798295
1792950847
1794259863
1795323715
1795366514
1796807759
1796953519
1797021614
1797968773
1798282295
1798518301
1798652107
1798673223
1799012465
1799133200
1799513581
1799650585
1799987874
1800135591
1800135606
1800414784
1801202090
1801339562
1802261253
1802335048
1802463395
1802791538
1803130150
1803196582
1803629155
1803786739
1804348798
1804710029
1805043011
1806358893
1807341859
1807435095
1807926638
1808523986
1808586841
1808779624
1808937928
1809110341
1809146522
1809176647
1809410967
1809518933
1809783442
1809902508
1809915102
1810363203
1810534599
1811304970
1811367312
1811475374
1811535911
1812385432
1812498057
1812932390
1813327991
1813549255
1814016093
1815031774
1815121380
1815409993
1815971994
1816174372
1816396701
1816435788
1816671625
1816995340
1817294061
1817526329
1818008100
1818066015
1818958718
1819214028
1819335440
1819481260
1820204547
1820304880
1820493882
1820618204
1820807824
1821235427
1821782078
1822228964
1822451523
1822633936
1822677303
1822767840
1822881465
1822893560
1823262685
1823766931
1823806282
1824854386
1825199837
1825238468
1825786412
1825885367
1825919552
1826136246
1826928054
1827140451
1827216204
1827466600
1827499251
1827659437
1827678195
1828078550
1828411525
1828752219
1829418915
1830241530
1830730443
1830752168
1830805373
1831009288
1831098065
1831239107
1831240603
1831667787
1832243761
1832354047
1832554473
1832566316
1832955108
1832962360
1833339575
1833429242
1833564885
1833870469
1834055217
1834180944
1834186413
1834228442
1834411880
1834415742
1835051089
1835784647
1836012535
1836449731
1837097232
1837166175
1837275747
1837415196
1838033388
1838736815
1839062574
1839249718
1839299163
1839771342
1840337939
1840584253
1841257016
1841345484
1841453874
1841459847
1841668685
1841725111
1842168545
1842307495
1842651001
1842668124
1842927010
1843108082
1843219840
1843568209
1844018924
1844133722
1844406569
1844452781
1844577264
1844861873
1845380137
1845424226
1845679755
1845967839
1846705108
1847827099
1849033209
1849345573
1849611695
1850095246
1850591734
1851474017
1851695285
1851826150
1851828018
1851967233
1852297813
1853440448
1853611497
1854879241
1855097940
1856464193
1856500487
1856582568
1856773036
1856814393
1856858437
1856873717
1857016584
1857054530
1857253615
1857464631
1857646187
1858624610
1858735944
1859067862
1859460912
1859521268
1859616621
1860085924
1860087939
1860101273
1860472592
1860719955
1861247221
1861645249
1862130248
1862198600
1862282788
1862608649
1862805857
1862846554
1863106775
1863347499
1863610811
1864552344
1865066484
1865254410
1865397952
1865402282
1865512538
1865557788
1866175100
1866405868
1866550501
1866640838
1866686531
1866935342
1868115221
1868353728
1868530864
1868736429
1869255932
1869795530
1870174347
1870700442
1870819873
1870937963
1871452741
1871750064
1872554107
1872579823
1872930541
1873071385
1873227662
1873664605
1873803044
1874635217
1874827521
1875489765
1875503123
1875537397
1875833609
1876037070
1876119593
1876353870
1876386091
1876552273
1876643131
1877259297
1877298606
1877923200
1879189610
1879191419
1879324225
1879422258
1880045124
1880845144
1880858159
1880947816
1881652279
1881703873
1881894101
1882976290
1882997525
1883094176
1883146030
1883178303
1883185994
1883611879
1883900218
1883960057
1884235978
1884345708
1884958904
1885353503
1885706181
1885867693
1886002725
1886073668
1886093753
1886323048
1886574527
1887187489
1887550182
1888189920
1888529290
1889044172
1889463257
1889553075
1889629016
1890064518
1890067361
1890240686
1890735399
1891070148
1891158803
1891161766
1891254058
1891516596
1891613877
1891790548
1892329639
1892468802
1892498857
1892744292
1892949620
1893200559
1893263148
1893695533
1893702447
1893761641
1893827118
1894069408
1894284261
1894319540
1894645153
1895379469
1895811440
1895997288
1896138131
1896170986
1896187590
1896248447
1896394026
1897036414
1897265012
1897309162
1898002392
1898321124
1898409252
1898625137
1898627301
1899519413
1899903282
1899911522
1899970622
1900075042
1900418180
1900869637
1901330990
1901598944
1901631488
1901772819
1901844517
1901865558
1902135761
1902495685
1902726511
1903481827
1903807271
1904706884
1904957310
1905610536
1905694591
1905737774
1905867782
1906230839
1906450631
1906835326
1907311839
1908187927
1908424610
1908643542
1908758328
1908917816
1908930674
1909419146
1909451509
1909458664
1909673467
1909709950
1910406822
1911309238
1911778913
1912311212
1913451437
1913546025
1913657805
1914034941
1914120159
1914282141
1914404070
1915637550
1915814163
1916182081
1916185699
1916711905
1917397262
1917472231
1917932441
1917995588
1918046260
1918366835
1918420752
1919088870
1919330940
1919734197
1919819418
1920025441
1921055029
1922182369
1922287542
1922432321
1922731330
1922762185
1922920008
1923106310
1923439973
1923560631
1924464500
1924824121
1924956599
1925211478
1926078660
1926204139
1926233611
1926323212
1926394467
1927097199
1927266412
1927448325
1927609563
1927701236
1928013955
1928065580
1928117617
1928423998
1928464815
1929034417
1929629616
1929660637
1929746330
1930135090
1930186669
1930417328
1930511927
1930560258
1931569729
1932156130
1933275884
1933430405
1933600705
1933765807
1933887523
1933971257
1934182188
1934218266
1934319349
1934359857
1934524658
1934722480
1934893464
1935329127
1935350051
1935872161
1935906438
1935947975
1936355581
1936402347
1936672344
1937077565
1937257899
1937776649
1938036870
1938041067
1938068719
1938245440
1938523676
1938785345
1939312565
1940503541
1940604791
1940871106
1940936860
1941180587
1941399847
1941427086
1941502337
1941721914
1941872895
1942029982
1942732668
1943713505
1944213590
1944719142
1944752403
1944894694
1945145445
1945196242
1945743510
1946035627
1946131699
1946397587
1946825328
1947354682
1947385582
1947511668
1947675304
1948208663
1948813450
1948848751
1949005314
1949005890
1949104446
1949396201
1949425409
1949538918
1949578599
1949776646
1949982391
1949995486
1950248465
1950597530
1950637356
1950763856
1950840907
1950911509
1951543315
1952093957
1952101760
1952241007
1952253710
1952350092
1953244209
1953844163
1953918681
1954767809
1954897528
1955070344
1955244405
1955438972
1955457591
1955530338
1956076465
1956237493
1956528411
1956650231
1956772089
1957124170
1957370376
1957662409
1957866934
1958873409
1958891145
1958912196
1959007581
1959150612
1959242868
1959389602
1959506501
1959746814
1959839661
1959875027
1960001348
1960007594
1960182362
1960187089
1960193259
1960208714
1960281373
1961096624
1961113406
1961172387
1961188432
1961221722
1961300277
1961386420
1961623437
1961769832
1961774783
1962500104
1963265543
1963317929
1963423061
1964345249
1964746251
1964835875
1965011499
1965367644
1965446985
1965589145
1966148352
1966424685
1966744220
1966893225
1966924396
1967237909
1967662335
1967685773
1968186911
1968874606
1968936094
1969358298
1969809109
1970421491
1970509072
1970751238
1970778750
1970783638
1971073420
1971293624
1971375229
1972119590
1972722809
1972999460
1973009112
1973258032
1973296917
1973728910
1974202888
1974231417
1974236951
1974404366
1974480400
1974793017
1975078275
1975254325
1975263791
1975887268
1976047886
1976149739
1976170457
1976974019
1977049086
1977177477
1978146613
1978336019
1978392405
1979069523
1979230283
1979284872
1979649771
1979669725
1979714371
1980044181
1980173733
1980350257
1980965440
1981157294
1981410280
1981508434
1981593279
1981954135
1982151817
1982643558
1982710772
1982855340
1983018524
1983324451
1983509168
1983948967
1984223223
1984266984
1984327656
1984556068
1984626628
1984636728
1985078909
1985194809
1985371187
1985479980
1985719486
1985768767
1985957499
1986023739
1986347080
1986390973
1986589912
1986666682
1987001396
1987294828
1987685966
1988241153
1988338949
1988464411
1988499757
1988600345
1988680474
1989368430
1989369876
1989450514
1989862621
1989938248
1990175411
1990385195
1990600956
1990654389
1990693490
1990981776
1991079637
1991128377
1991279059
1991456436
1993016025
1993045650
1993154467
1993272619
1993630410
1993634122
1993760453
1994549188
1994568388
1994809031
1995011271
1995578131
1995895074
1995984951
1996040979
1996227292
1996344056
1996567074
1996580553
1996706141
1996976328
1997569261
1997995539
1998084290
1998883752
1999429999
1999888760
1999915838
2000231671
2000297269
2000399485
2000708440
2000742694
2000776494
2001016620
2001190140
2001198546
2001364969
2001385960
2002081619
2002244404
2002316619
2002600388
2003446461
2004662025
2004872244
2005060044
2005527870
2006240764
2006796323
2007226135
2007424184
2007864092
2007913011
2008493518
2008683745
2008703872
2009042419
2009120829
2009278587
2009383469
2009534765
2009826781
2009987126
2010535547
2010631886
2011201932
2011252369
2011382006
2011458310
2011729275
2011882486
2012022194
2012314967
2012880986
2013079355
2013154528
2013407145
2013579760
2013785786
2013845819
2013993557
2014475710
2014962127
2015456918
2015823301
2016126405
2016314496
2016639137
2016980740
2017094373
2017298561
2017767452
2017868803
2018211721
2018284720
2018551356
2018869354
2019003265
2019153023
2019851314
2020240071
2020492086
2020531986
2020612965
2020782429
2020862117
2020877780
2021194064
2021196499
2021341306
2022287234
2022716021
2022823097
2022956516
2023288722
2023407795
2024043013
2024257202
2024280349
2024363898
2024475846
2024480538
2024756878
2024807923
2024897693
2025266033
2025390673
2025600297
2025733099
2025909915
2026210752
2026266304
2026390358
2026693787
2026706555
2026786816
2027080900
2027533595
2028476372
2028898288
2029255808
2029765653
2030916420
2030949514
2031258357
2031346777
2031420215
2031489138
2031554261
2031680222
2031748992
2031907134
2032060483
2032522035
2032869848
2032942775
2033002696
2033916750
2034471715
2034524554
2034638541
2035025106
2035058690
2035254246
2035370230
2035475029
2035758652
2035930827
2035966225
2036800986
2037308754
2037688428
2037697471
2038119462
2038640095
2039555847
2039652548
2040100630
2040276137
2040286213
2040469209
2040601313
2040702446
2041068386
2041493841
2041755874
2041769490
2042373374
2042702915
2042827379
2043116478
2043692937
2044029286
2044062688
2044167548
2044611560
2045149127
2045282315
2045415179
2045484099
2045517593
2045757463
2045931683
2046132951
2046635064
2046725524
2047018006
2047051200
2047297230
2047312184
2047553791
2047574123
2047706593
2047711317
2048034435
2048176688
2048335484
2048378740
2048586815
2048661621
2048966817
2049094397
2049586993
2049660873
2049765448
2049878345
2049929982
2049945534
2050792838
2050871392
2050886703
2051133654
2051378706
2051404845
2052752306
2052837741
2053061325
2053180572
2053796521
2054544856
2055313153
2055781854
2055993861
2056019831
2056257624
2056314025
2056434720
2056538749
2056794190
2056869048
2057001418
2057769989
2058315954
2058575897
2058591375
2058628694
2058723071
2058895024
2059011910
2059573792
2059626433
2059708243
2060138645
2060293862
2060556243
2060999328
2061744323
2062236156
2062752352
2062842293
2062863314
2063048398
2063618118
2063685440
2063785208
2063895830
2064870446
2064907555
2065345907
2065869148
2065888839
2066132670
2067245462
2067290590
2067655438
2067789182
2067811793
2067931677
2068356310
2068878152
2069215030
2069546939
2069767735
2070024556
2070598704
2070747351
2070798691
2070842853
2071346512
2071399678
2071644535
2071797212
2072284440
2072762414
2073238033
2073482704
2073550841
2073565265
2073676867
2073896529
2074267849
2074823181
2074981889
2075100154
2075165224
2075640785
2076045013
2076055795
2076133897
2076436344
2076544674
2076857382
2076867037
2077049501
2077324146
2077556072
2077587341
2077849771
2078332048
2078341937
2078459439
2078640256
2079176163
2079215442
2079570078
2079673481
2080306035
2080798503
2081343676
2082457104
2083078733
2083298337
2083407275
2083625375
2083686399
2083854154
2084095734
2084433863
2084474934
2085391849
2085500187
2085725454
2085914906
2085980685
2086004851
2086104391
2086723524
2086730173
2086908587
2087049084
2088447512
2088881215
2089041131
2089412345
2089543000
2089771739
2089851352
2090402581
2090418056
2090584910
2091129904
2091394027
2091677773
2091998619
2092175363
2092462252
2092699694
2093055355
2093241124
2093824342
2093986353
2094327342
2094422178
2094874217
2095054281
2095107588
2095559710
2095728605
2095850539
2096506308
2096848001
2097315163
2097326808
2097449994
2097739867
2097919366
2098134684
2098245313
2098762076
2099042955
2099497005
2099504700
2100096555
2100221299
2100278605
2100316867
2101176540
2101295181
2101385028
2101552778
2102394099
2102522048
2102836702
2103076732
2103375697
2103542182
2103693778
2103856853
2104055830
2104234063
2104295156
2104336990
2104385221
2104903046
2105209626
2105909581
2106312800
2106360808
2107019965
2107409381
2107486852
2107595560
2107655437
2107674509
2107677832
2107813969
2107885326
2107945300
2108391499
2108454661
2109407565
2109465669
2109542520
2109949044
2110338239
2110425929
2110519154
2110548376
2110780199
2110780476
2111303932
2111476855
2111502867
2111695179
2112266325
2112417419
2112603994
2112699424
2112760960
2113180319
2114224397
2114364566
2114847020
2114900793
2114905206
2114919570
2115420745
2115497620
2115523282
2115852292
2116120512
2116202066
2116437112
2116556701
2117161295
2117587263
2118061522
2118147578
2118179045
2118456183
2118770154
2119157054
2119339708
2119382796
2119978032
2120152079
2120210828
2120352859
2120378482
2120401097
2120684642
2120696331
2120957737
2121285142
2121451959
2121596593
2121856713
2122246699
2122298024
2122478473
2122649237
2123011063
2123027154
2123387154
2123690222
2123826415
2125060093
2125199309
2125380316
2125467048
2125677505
2125740797
2125853543
2125953216
2125992265
2126220950
2126448520
2126519555
2126531948
2126684702
2127563125
2128637130
2128927398
2129060012
2129342536
2129749817
2129909763
2129965581
2130637531
2131121351
2131131643
2131142152
2131696740
2132579526
2132664771
2132693051
2132698550
2132898811
2132916074
2132950322
2133625050
2133710499
2134222726
2134279662
2134308725
2134709107
2135190971
2135195352
2135567334
2135936533
2136148804
2136619052
2136667077
2136837533
2136956745
2137115461
2137492034
2138421836
2138711940
2139232104
2139416843
2139441136
2140176909
2140258917
2140324606
2140450839
2140494115
2140769260
2141077063
2141658725
2141665681
2141834613
2141869067
2142131770
2142278074
2142290618
2142338009
2142987933
2143428253
2143730297
2143736687
2143803346
2143882614
2143915672
2144212485
2144220070
2144273576
2144330331
2144341949
2144812535
2144932076
2145029516
2145213518
2145395078
2145616776
2145798450
2146230222
2146833788
2146891234
2147042748
2147151513
2147188978
