7587
201102
332582
454694
460426
541365
601451
645601
1090974
1237034
1845799
2073126
2092769
2258823
2316758
2379203
2417314
2436318
2690567
3572953
3950663
4505037
4689479
4751856
5694022
5988890
6018351
6200800
7164822
7354753
7455331
7668649
7859500
7916235
7982147
9063770
9178558
9274328
9426185
9544038
9919557
10103025
10246764
10281891
10818299
10869123
11037469
11212392
11301098
11433882
12144040
12718678
13118987
13147723
13367409
13834240
13901632
13921272
14091774
14273605
14302820
15272165
15400813
15462355
15625914
16115943
16642262
16823979
17538389
17983897
18231284
18766392
19228014
19708184
20130723
21009047
21145200
21248255
21502312
21768678
21900299
21930053
22107659
22364299
22503657
23115554
23435054
23651697
23810157
23892817
23924696
23956030
24388646
24742987
24869972
25082327
25331269
25591976
26796457
27028393
27180084
27187524
27283794
27387756
27568608
27586081
27738402
27938920
28339569
28615827
28825423
29166240
29369435
29869461
30124915
30552529
30981386
31296130
31308652
31668118
31723172
32046333
32089282
32347025
32659771
33070432
33457423
33818972
33836174
33892399
33962685
33981152
34044732
34095286
34300040
34649888
35602234
36142609
37072051
37283350
37325113
38419662
38544146
38558553
38755945
38919043
38972809
39015925
39241466
39354521
39424008
39462303
40255701
40718277
40951154
41126374
41215374
41355105
41700620
41980409
42730880
43156675
43399154
43728288
43856365
43879592
44018256
44183552
44275504
44322069
44382398
44698594
45038763
45509505
46380740
46396951
46533992
46642518
46750613
46895894
47454587
47520231
47937530
47991422
48121682
48305424
48309610
48650109
48714610
48753816
48865618
48886020
49100375
49426834
49510898
49571926
49590026
50021392
50499020
50543555
50681504
50775082
51284866
51387950
51504300
51512634
51948992
52430026
52660669
54139146
54262299
54392142
54909371
54948000
55339094
55352651
55393941
55869223
56074430
57259580
57435963
57506471
58534730
58552522
58706220
58792345
59224733
59392327
59559836
59594252
59690833
59764777
60168624
60212895
60809633
61025477
61037391
61045688
61078432
61299311
61322535
61388202
61475335
61566141
62407581
62708885
63523578
63707109
63905551
64396773
65215523
65543718
66027964
66202528
66311794
66343253
66845830
67002264
67662198
67910929
67982567
68433777
68731420
68945502
69248884
69252468
69366394
69975837
70092472
70164712
70300568
70399281
71044730
71271437
71349154
71539180
71907063
71913430
72205556
72421311
72672415
73406208
73685347
73721415
73749247
74294492
75166443
75309803
75312175
75700232
75730873
75989453
76244354
76638439
76888747
76927933
77117433
78436844
78629847
78760463
78878295
78909592
78978357
79055792
79123990
79136962
79202605
79663742
80518730
80692968
80944655
81155487
81306989
81318561
81923463
81958635
82428263
82494833
82617817
83135442
83222868
83229379
83864432
83932421
83943151
83966762
84145467
84480793
84504916
85309670
85634760
85644360
85743054
85744301
85822928
85928580
86844661
87341850
87545993
88389688
88488798
89302703
89407689
89419835
89451373
90058304
90236455
90409558
91200158
91219086
91442429
91875384
91928965
92138183
92188841
92749210
92804538
92937627
92956722
93189289
93598289
93673928
94002276
94645091
95148314
95231499
95264748
95455537
95463390
95754217
95788629
95980599
96684204
97387939
97443376
97586585
97881685
98696813
98745985
98786098
99250534
99465662
100165347
100587072
100702896
100816066
100911652
100960041
101392806
101577013
101978303
102262853
102958076
103663970
103705153
103848065
104104749
104114278
104564024
104869834
105829452
105901362
106341101
106412842
106790817
107237893
107282781
107381696
107456815
107732018
107769602
107861192
108891700
108987020
109157524
109923283
110157547
110296680
110366060
110674736
110723608
110800287
110912098
111230539
111426989
111805897
112047308
113362977
113630233
113766450
113795260
113796103
113899370
114405066
114989103
115016114
115186596
116203286
116329618
116393744
116484880
116517377
116553219
116562176
116989753
117003168
117345332
117605881
118336238
118580766
119061865
119262941
119305765
119431267
119659305
119976719
120125731
120479302
120503883
120577774
121760418
121802089
121832724
122077414
122380632
122606746
123341363
123413074
123539109
123553751
123670328
123879161
124807413
124825688
125070435
125077583
125261700
125611374
125874646
126301913
126310546
126439785
126683652
126687172
126740748
126757354
127219142
127977778
128004876
128399764
128435751
128607166
128807965
129106022
129858320
130336532
130489333
130646889
130887546
130977175
131095040
131677105
133458715
133573395
133584311
133593397
133913878
134126981
134353736
134541274
134567370
134979814
135012888
135191979
135638569
136126482
136444011
136501008
136621709
136692381
136795086
136856431
137019903
137045356
137631536
137761910
137940766
138378426
138461134
138986692
139249053
139591707
139646203
140084012
140133192
140238534
140439181
140710668
140800428
140827098
141164828
141218745
141278478
141797790
141830549
142041954
142561469
142648580
143050585
143375563
143606918
143706694
143900381
143918156
144429663
144939190
145022868
145411203
145636997
146074401
146151950
146766793
146810112
147076257
147227914
147553538
147690083
147733177
148974528
149038508
150223304
150693845
150694846
150709328
150771740
150807420
150863142
150864859
150895314
151108456
151461701
151565609
151597183
152365635
152619207
152879846
153399202
154123841
154219540
154237335
154247599
154682437
154698079
154910300
156240966
156692947
156816009
157323959
158026961
158132172
158434731
158552686
158807033
158882101
158996205
159186061
159683620
159707140
159987553
160464518
160568212
160628968
161181518
161763896
161873329
162179139
162885593
162937198
162939459
163265748
163574473
164004856
164623518
165054289
165420722
166022383
166073523
166267888
166383465
166707868
166808596
166916746
167201673
167212363
167273641
167426429
168368898
168829724
168861058
169174422
169384548
170563768
170886872
171144189
171377126
172521822
172619472
174284698
174580044
174757733
174783429
175128988
175491405
175542311
175600814
175629488
176097613
176104571
176704925
177298898
177500314
177607108
177751106
177866709
177947640
178042795
178125558
178149882
178258320
178354468
178836045
178928073
179130882
179131731
179769038
180015663
180207660
180320488
180409338
180457788
180502582
180668144
181474866
181892701
182206676
182313602
182663999
182990530
183016457
183028492
183291074
183333015
183432101
183812744
184033679
184268684
184739966
185161726
185400435
185463574
185669449
186699466
186866878
186888389
186941376
186973710
187134613
187691148
187753664
187906794
188159688
188645122
189631252
190277833
190312336
192730635
192822867
192996841
193400791
193574679
193742115
194028271
194224629
194447940
194904122
195160497
195251178
196499687
196551679
197122018
197444848
198111104
198351375
198487059
198541561
198651547
198859226
199405403
199418144
199740245
199927357
199951108
200249198
200602394
200619355
200625915
201058996
201179280
201188853
201228759
201330883
201620036
202172476
202724997
203798654
203888352
204251769
204252796
204322079
204500849
204556096
204593327
204821632
204831194
205292172
205807642
205859475
206062945
206076895
206091318
206283344
206335490
206719113
206826877
206924527
207199374
207329856
208762711
209150382
209354556
209624753
209872582
210032442
210421149
210506844
211038934
211114657
211215374
211358566
211407911
212002972
212338138
212555023
212748641
213336644
213400426
213554756
213584964
213736455
214079710
214119054
214199284
215397486
215618733
215981018
216004269
216682541
216917302
216959707
217425962
217458585
217560891
217689048
217825649
218184790
218204498
218274413
218299600
218589490
218620060
218811385
218835253
219770047
219782851
219975104
220018223
220151843
220262950
220514584
221017885
221078420
222015470
222446663
222607306
223044202
223198522
223221756
223332410
223383090
223418606
223732040
224114667
224518566
224583636
224765287
225043012
225152626
225152893
225220635
225241465
225430007
225492717
226238124
226394187
226416451
226955008
227402454
227429205
227832151
227863920
227936274
228506602
228509546
229077266
229500334
229714837
229761961
229767350
230034483
230583313
230603716
230712164
231151904
231326850
231621626
231809802
232187101
232244354
232346583
232704104
232776430
232855713
233857156
234715603
234957788
235630509
235953817
235997615
236317778
236375697
236681694
237029268
237093872
237159848
237892091
238063267
238407862
238726906
238850741
239267612
239605229
239606279
239932854
240040207
240449005
240597591
240800827
240923933
241187339
241193569
241417739
241753405
241842191
242822172
243157797
243456486
243563095
244040592
244210365
244585227
245183865
245241003
245449132
246100998
246678096
246890467
247307786
247317950
247559807
247789720
247898688
248129493
248432242
248538635
248710076
249017764
249212832
249304011
249843838
249923789
250023393
250027292
250103215
250845844
251026174
251031340
251034607
251567217
251782948
251996969
252034689
253219581
253560007
253740808
253946716
254254742
254597347
254617966
254733756
254801371
254803428
254819937
255067799
255237447
255432457
255504284
255527741
255670811
256105034
256452546
256563108
256569277
256869996
257583897
257948928
258208042
258576170
258602456
258743748
258886631
258958069
259077128
259128402
259159457
259729980
259866871
259985030
260217613
260488324
260841692
261396931
261517866
261592419
261735061
262024790
262490825
262498679
262688467
262717555
262837602
263184914
263452034
263840651
264133894
264687063
264770385
264810207
264845489
264937011
265094439
266179562
266797769
266839845
267005780
267040999
267170446
267252945
267288435
267325844
267357783
267517308
267829051
267840859
268001936
268470981
269367905
269456911
269839811
269949395
270040772
270107185
270709038
271055744
271215781
271297923
271476462
271491772
271608930
271932677
272392203
272570649
272573182
272844181
273069324
273970555
274152670
274201442
274206622
274329320
274637074
275061214
275549338
275815003
275816299
276558340
276584592
276851767
277032207
277211601
277479004
277743968
278275554
278337296
279535143
280372403
280517536
280624635
280734111
280857198
280989323
281159522
281458940
281581156
281622566
281665037
282469567
282617892
283155549
283177377
283393792
283601498
283868521
283943175
284063292
284428365
284442719
284684324
285671658
285868629
285985035
286295964
286498624
286530082
286542044
286616383
287104921
287179247
288521759
288639002
288651764
288907838
289166988
289198942
289239353
289689121
289851107
290377919
291339223
291626307
291627481
291864285
291875536
292129444
292293684
292450680
292626201
292800075
292951884
293622572
293653295
294111837
294313022
294852766
295049288
295153322
295362950
295473998
295635682
296039263
296363332
296397502
296418285
296568573
296754041
297257822
297468745
297596279
298240345
298542027
298553997
298582626
298728567
298785163
298846294
299220829
299830109
300194085
300514447
300548265
301570653
302892548
302967714
303281009
303548030
303719382
303946938
304026961
304298696
304629818
304735999
305088004
305095529
305527427
305734981
305831035
305900257
305929234
306063858
306177437
306719334
307244165
307333195
307412449
307447167
307676943
307907001
307955753
308053068
308209361
308350814
308765746
308895165
309670577
310541630
311224983
311427680
311563103
311624893
311999211
312567869
312573055
312588407
313098353
313634657
313785655
314564063
314921713
314952842
315428113
315638790
315845922
315927999
316001085
316141374
316379026
316584168
316590684
316947443
316960125
317121981
317338910
318194665
318368360
318498804
318829772
319292011
319435716
319815065
320070167
320224352
320511763
320658810
320728992
320754931
321172629
321257654
321368448
322041114
322601209
322713091
323634735
323858913
324697267
324863991
325291448
325408275
325479977
325516710
325762091
326175138
326475606
326487496
326695553
327233236
327794138
327948119
329040818
329460580
330005571
330077123
330342438
330637766
330783808
330877556
331237695
331864892
332192680
332278125
332336949
332685474
332703753
332934474
333070561
333483568
333832472
334208873
334721886
334741102
334756066
335557758
335631992
335670968
336282498
336390493
336521755
336992651
337033394
337054519
337136149
337332447
337375928
337877663
337981256
338234071
338434355
338725223
338900765
338974501
339007915
339511708
339649987
339687215
339697663
339819399
340061232
340171780
340465245
340647462
340703661
340969295
341022955
341049134
341404468
341421246
341469722
341487996
342207232
342232061
342233457
342255677
342845362
343464638
343579489
343648513
343664672
343866749
344142676
344258509
344260743
345236930
345946330
346148855
346728956
346839943
346876515
347492491
347784500
348038672
348208328
348296062
349210440
349330950
349591205
349614950
349852194
349971352
350424835
350750529
350985305
351091393
351336238
351627290
351690919
351725998
351986752
352324219
354406904
354492500
354556819
354879124
355110108
355604893
355627373
356106716
356262647
356770238
357071995
357828691
357840100
358235394
358782541
358967490
359228497
359526205
359901076
360039994
361008821
361791852
361936496
362012558
362090708
362360384
363060224
363117630
363597821
363789424
364516327
364855993
364872478
365618515
365621164
365854859
365896723
366057291
366240431
366514157
366551127
366616970
366718659
367013027
367152437
367279356
367325651
367625744
368081792
368203955
368587290
368817513
368896328
369470482
369624186
369953050
369969172
370023148
370538739
370701320
370713608
370875584
371007661
371237424
371383685
371405712
371549771
371839577
371954937
372195062
372566322
372820575
373021718
373078094
373243015
373257185
373740867
373861720
373876519
374078504
374121596
374137707
374598461
375067373
375448073
375511976
375863325
376667119
376852930
377068310
377497166
377883368
378148587
378610374
378706396
378857834
378973077
379844603
379891830
380158855
380283092
380711019
381016771
381055289
381107088
381166402
381334703
381355838
381371882
381449773
382166496
382196562
382612132
382612169
382637398
383249633
383554237
383909392
384595106
385055181
385219383
385363008
385663280
385944678
385996299
386410312
386453476
386485898
387084626
387372197
387754670
388115939
388291375
389214066
389230882
390209167
390299499
390543266
391158470
391618447
391808159
392183315
392375223
392856723
392916927
392932136
393667835
394280415
394747136
395614892
395617533
396415507
396835439
396865422
397314968
397507938
398076551
398685599
399168702
399512482
399741606
399871647
399944256
399948096
400097199
400165109
400503582
400871068
400939093
400941086
401311314
401550056
401734405
402260484
402388286
402971291
403680175
404126507
404354750
404592599
404910196
405228484
405832427
406326331
406771630
406994693
407021098
407305579
407596872
407754703
407896972
408493612
409149094
409166167
409448599
409456740
409709416
409852875
410058049
410408523
410572010
410863204
411007803
411014395
411169883
411848058
411878901
412199469
412562704
412587833
412691674
412774013
413076897
413179910
413249846
413510335
413640035
413746354
413771046
414124927
414309415
415248936
415617082
415731078
415762654
415903740
415946212
415971784
415984079
416262171
416816596
416958072
417025633
417276321
417286835
417326880
417382370
417569962
417897231
417990055
418507670
418610582
418636471
419186874
419675705
419949566
420322977
420476998
420542095
420966550
420978689
421061542
421317809
421435829
421605890
421632719
421669211
421739754
421781170
421866184
421869875
421997799
422101579
422225989
422355420
422378293
422398299
422747442
422906440
423315876
423389832
423440810
423680228
424336276
424478543
424555173
424818063
424849210
425022275
425704012
425996896
426136453
426171129
426272625
426608253
426861601
426881410
427006827
427031473
427181484
427327598
427561058
428070675
428589524
428702497
429692499
430128068
430328388
430641857
431252496
431527048
431532136
431609082
431691029
431865986
432189190
432386798
432962856
433287512
433338339
434345230
434527110
434558579
434642856
434722998
435574744
436147587
436287631
436317802
436348942
436576954
436637493
436803482
436857466
436915681
437323632
437533939
437622760
437801894
437802691
438011130
438219219
438834392
439135903
439379545
439516665
439767446
440335729
440516435
440727218
441005603
441434818
441564490
441676059
442016763
442068800
442202058
442765086
443024365
443128139
443382794
443599129
443679692
443901447
444296366
444536335
445166326
445339415
445490363
445628821
445807372
445977856
446061451
446115904
446264568
446498717
446815479
446989956
447427015
447607550
447900141
447993018
448056803
448088902
448108795
448255484
448379750
448400719
448499248
448965833
449070461
449108875
449270155
450205924
450500870
450537323
450670694
450749692
451018039
451070873
451201016
452337037
452623465
452632752
452641543
453245469
454131974
454653132
454710819
454796801
455051614
455488663
455534887
455742340
456812485
457270434
457414513
457498394
457519457
457624880
457679024
457860056
457940335
458542122
458600900
459022454
459387559
459499613
459765696
460079930
460175745
460224844
460388624
460639353
461701099
462110978
462298864
462396559
462476326
462481255
462600848
462685348
462830278
463932531
464186068
464241343
464349311
464428181
464601029
464807067
465248305
465732230
465925828
465931148
466196197
466543179
466839374
467026763
467109262
467214803
467675210
467954142
468299194
468567512
468809264
468870619
469089881
469599688
469999371
470237428
470395810
470688331
470713667
471438414
472479631
472520405
472649225
473012562
473080622
473103452
473177084
473694397
473719583
473990985
474317261
474658542
475067618
475258520
475596083
475838357
476225642
476397466
476457155
476578389
476945911
477702864
478030296
478272075
478631004
478668874
478724314
478742414
479018260
479748851
480711453
480828545
481358930
481832683
481903153
482030292
482396711
482423757
483181759
483521577
483956525
484149540
484508962
484590776
484760001
484912617
485002807
486193036
486499620
486520163
487035028
487340424
487384341
487721181
487742066
487824898
488122813
488746670
488760691
489105145
489133004
489448655
489754815
489783591
489841561
489912065
490006330
490299925
491034099
491673066
492158407
492230697
492238878
492915011
493148783
493346506
493643821
493718275
493775723
493962407
495180987
495289100
495807517
497491477
497901034
498316768
498692585
498929630
499215424
499498554
499517048
499612328
500450086
500478105
500579403
501064323
501117647
501142503
501155995
501333587
501440376
501711997
502312287
502483774
502582963
503539600
503782860
503785728
503999713
504121441
504452953
504744365
504818220
504934388
505122159
505150370
505241743
505280574
505511412
505647073
505962816
506133284
506165828
506183562
506213523
506401927
506411099
506436997
506785244
507111707
507378296
507707335
507788710
509538269
509596372
509730756
510083583
510523924
510783969
510812018
511180684
511230014
511584231
511710771
511786515
511859397
511920826
511981027
512184734
512189351
512475683
512535202
512928749
513629455
513644764
514202544
515314320
516160810
516345965
516528458
516919132
517076289
517141625
517452043
517563775
517871114
517932188
517959857
518047159
518281060
518318695
518648009
518890454
519263767
519485879
520041982
520303137
520545539
520620271
520716443
520976927
521115170
521178905
521288023
521654241
521783529
522131226
522363477
522363808
522456057
522565824
522611191
523132231
523330622
523354680
523505798
523982602
524172527
524418460
525063582
525276382
525276541
525531487
525826407
525875918
525938068
526074137
526222607
526339371
526894209
527117602
527163423
527863115
528475533
528607032
528790301
528964495
529172202
530003614
530029374
530361616
530418513
530531266
530747056
531159409
531411122
531534417
531700279
531715494
532249940
532426196
533031803
533142336
533231330
533251910
533484143
534000759
534019265
534468264
534485986
534820817
534948018
535556373
535605518
535802642
535961730
536776257
537540146
537615519
537668678
538189876
538474191
538490404
538667781
538853659
539001213
539093711
539878052
540068517
540111717
540146307
540441513
540563306
540897007
541204144
541320024
541918804
541947897
542999056
543221818
544077973
544984322
545147321
545355381
545562885
545700157
545809218
545913279
546198231
546309739
546383360
546430985
546957307
547077590
547747280
547755347
547935937
547980367
548149301
548393356
548423804
548915417
549177229
549435503
549503796
549670928
550779799
550929918
551152139
551171828
551319298
551656151
551905438
552191701
552522343
552840827
553065209
553126314
554135888
554295441
554602192
554806009
554816711
554913228
555378973
555572455
556375163
556763670
556846432
556881564
557128071
557903920
558092422
558397228
558586409
559352798
559755147
559842821
559941881
560067799
560333647
560646987
561106661
561314763
561616884
561759706
561951555
561953737
562084005
562234427
562388150
562409469
563736372
564185453
564624100
564763774
565150280
565163809
565469723
565594421
565928166
565988675
566843868
566991245
567380721
568012340
568408800
568563159
569406700
569532320
570276610
570594547
571100309
571282946
571330819
571351415
571994865
572171064
572409616
572664874
572704424
572706361
573194630
573396010
573558236
573974512
574102851
574400863
574813751
575274846
575329210
575683392
575734994
576137382
576173096
576727174
577654627
578293083
578992717
579016499
579033974
579075465
579405035
579610183
579745970
579769622
580074884
580158043
580183209
580534713
580777710
581042038
581991113
582578703
584102278
584456068
584542372
585144857
585386298
585831039
586205481
586242305
586671301
586786466
587028017
587097357
587117257
587150346
587163776
587300020
587502867
588070084
588142267
588505044
588557901
588693032
589155628
589346056
589351651
589477530
589685382
589965622
590254616
590433707
590632313
590870301
591091576
591254364
591367896
591373333
591538088
592172127
592242452
592787591
593251729
593521235
594063387
594468071
594741097
594857954
595247214
595328285
596276146
596442913
596644583
596679000
597078457
597086538
597282181
597864252
597887068
598472242
598718607
599238948
600676361
600990819
601156455
601373875
601405101
602275996
602429253
602906030
602985430
603004214
603210652
603218239
603386344
604061818
604176868
604928883
605187589
605259496
605421770
606250906
606490123
607096721
607327509
607733156
608093206
608128877
608134163
608676235
608854119
609544719
609657347
609805767
610561479
610895502
610978589
610984833
610985181
611088962
611247357
611497037
611516427
611585697
611645920
612157911
612251937
613415467
613589351
614085408
614148943
614160411
614169563
614311817
614320228
614505480
614563998
616124870
616611595
617163318
617396668
617811360
617947673
618085104
618233603
618531184
618668251
619195658
619709227
620448015
620472257
620487904
620524679
620534995
620664992
621023993
621066044
621227824
621570871
622663390
622950130
623017489
623546438
623646203
623867562
624091477
624211715
625534415
626090918
626624746
627053160
627177284
627356384
627465359
627534734
627826709
627901465
627909203
627958688
628072813
628161572
628233276
628333833
628997563
630169879
631736956
631813393
631889905
631939223
632310406
632461160
632741770
632868446
632886762
632906232
633328370
633353079
633510626
633590342
633866468
634869612
634913667
635445788
635468348
635793623
636017711
636143978
636413112
636446642
636764415
636967347
637042118
637941025
638683742
638699459
638829666
639220305
639283875
639680896
640009080
640386875
640400117
640507503
640513831
640522258
640682457
640751374
641161601
641499808
641530500
641583544
641628288
641981718
642413280
642491141
643001254
643106731
643138315
643240715
643392690
644102821
644803992
644855691
645672986
645685681
645812637
645866659
646158196
646499875
646701025
646739151
646970432
647161248
647496342
647763229
648176534
648255366
648452251
648699346
648850843
649086537
649172298
649207495
649344947
649977016
650503029
650690120
650938609
651168017
651182791
651272316
651450950
651663422
651941663
652306360
652528075
652728170
652773016
652774465
652823705
652845938
652930079
653216165
653302723
653697728
654042833
654104031
654807604
655210083
655408464
655437457
655799076
655931436
656255536
656772594
657041472
657143819
657317529
657429706
658194323
658434354
659523471
659715809
660059828
660464351
660527883
660548693
660551820
660810759
661068768
661670999
661724765
662028234
662184554
662197502
662233233
662365553
662539064
662984124
663005444
663052290
663359269
663987019
664054623
664178653
664986115
665372392
665653742
665718734
666016788
666152796
666257949
666664419
666956470
667032687
667243818
667427286
667448026
667528977
667548904
667987733
668208076
668467791
669229451
669800426
669848315
669916852
670146589
670795996
671033695
671270917
671321180
671512481
672543346
672544306
673845075
673898079
673918931
675487382
675660990
675847671
676062027
676114152
677048119
677309731
677754508
677764103
677828021
677869502
677898972
678209170
678340714
678375911
680310225
680362805
680408579
680865507
680877546
681153630
681190338
681569927
681717290
681988602
682083233
682196401
682262504
682694293
682833432
682960013
683382617
683953985
684019959
684392219
685111607
685250624
685458386
685644545
685964858
686047752
686064283
686208366
686248249
686379919
686559530
686598091
686761150
686811952
686910902
687826201
688137380
688157023
688564632
688953655
689076538
689114821
689319640
689357645
689786514
689955738
690094957
690243187
690626655
690684444
690944413
690971912
691217060
691743320
691926890
691955735
691972110
691976411
693135385
693376942
694537199
694737490
694855740
694943289
695078014
695230974
695965309
696004057
696136873
696659256
696779702
696994545
696998197
697144776
697321860
697600019
697731371
697739534
698271335
698343033
698845034
698989347
699186968
699270119
699787898
701177422
701304174
701365502
701448336
701596347
701666231
702306913
702531313
703712819
704026040
704398290
704867363
704899920
705568282
705570960
705962983
706058393
707629239
707710646
707824278
708318893
708613159
708776061
708925699
708997861
709202836
709887182
709921726
710670674
711240157
711300582
711968678
712144322
713425142
713540602
713549070
714299635
714704992
715194028
715233782
715304185
715410358
716291239
716376562
716388413
716410462
716497021
716529884
717612736
717662841
717757183
717984351
718013802
718119002
718552579
718670905
718992977
719036994
719842020
720365719
721017810
721094446
721873851
722154435
722408784
722409330
722416709
722582376
722871944
723004189
723269814
723325105
723727699
724004484
724256303
724284120
724516868
725473817
725553831
725971144
726287762
726488344
726726721
726808559
726944405
727262458
727436078
727543453
728018804
728039713
728691591
729117919
729373617
729535040
730182424
731457326
731672127
732088771
732159787
732463275
732589622
732794282
732960831
733130286
733344536
733751222
733839945
734195486
734437319
734500098
734587527
734722689
735331867
735710064
736019617
737311074
737403627
737615269
737743891
737994137
738728152
738811194
738833868
739316827
739842191
739941805
740241179
740249328
740312855
740939693
740941363
741598352
742127363
743064120
743170591
743233181
743846054
744135049
744348550
744845840
745789434
746176091
746677251
747050549
747191198
747212094
747468649
747702411
747885728
747927261
747971176
748025104
748348374
749073242
749184292
749520809
749819377
750259588
750364821
750854559
751141860
751181552
751339127
751834533
753123937
753395469
753595188
753722745
753909107
753909244
753924226
754558117
754902746
754953006
755420126
755481921
756014342
756837121
756855774
757052230
757308097
757815282
757996618
758116720
758200090
758404321
758709917
759704338
760175977
760451962
760526478
760868263
760888217
760894263
761734657
761985661
762032122
762189012
762789742
762947583
763269266
763276931
763538489
763830624
763946480
764279316
764330692
764426844
764438938
764473301
764585178
764806443
764949303
765012270
765062709
765140560
765331663
765391823
765688232
766272076
766324608
766864446
766886539
767440974
768484656
769236383
769358192
769479562
769713242
769809267
770084989
770106014
770117264
770378291
770965303
771433459
772454226
772500557
772516819
772740254
773040339
773106115
773482810
773666544
774194499
774330199
774671865
775562964
775636193
775668352
775684306
775725121
775983302
776274381
776681290
776717464
776792012
777625447
777952538
778017520
778385403
779331614
779440378
779458884
779913514
780338019
780490686
780505606
780646977
780697361
780777358
780881020
781175113
781313149
782139106
782203444
782831558
782884406
782987624
782992675
783006495
783308599
783310303
783483903
783749904
783810293
783848098
783960989
784455568
784564623
785111323
785421175
785810394
785914671
785938283
786178111
786714248
786766535
786770170
786922428
787357966
787422767
787588573
787636868
787898482
788626090
788675735
789526199
789577432
789728700
789824943
789939769
790303751
790326308
791091219
791240746
791313456
791396723
791664238
791822608
792044450
792048304
792092129
792124596
792805292
793228795
793541918
793677156
794033937
794038812
794546266
794778172
794867716
795395748
795553220
795897296
796083480
796085593
796227943
796857423
796989850
797619743
797636247
797648656
797825448
798310740
799032102
799188046
799264142
799425572
799528860
799954892
800193039
800246885
800269587
800572881
800641597
800743642
800775686
800919278
800947756
800994250
801098612
801548638
802247250
802508000
802617037
802832019
802924847
803383072
803603185
803756529
803771384
803780356
804095798
804151695
804488793
805148767
805568823
805957803
805971485
806023969
806045868
806440802
806587140
806820196
806916164
807464232
807698959
808798260
809209760
809294315
809301560
809532086
809779260
810459630
810663460
810690418
811378797
811546932
811621098
812557733
812611025
812851496
813740299
814227902
814275426
815001565
815223415
815571099
815914664
815942925
816134503
816465302
816569382
816632645
816887050
816914114
817056256
817129681
817203665
817305964
817631319
817894585
817938789
818468585
819097226
819104628
819149727
819233821
819402640
819818122
820020634
820496865
820564305
820676048
820974543
821033675
821276207
821308845
821312772
821870964
821964407
822517457
822783102
822863156
822872151
823205271
823576592
823579573
823974567
824515569
824603807
824745824
824906622
824965994
824973700
825348411
825688369
825942548
826224027
826229711
827145640
827307306
827324485
827402749
827573320
827907134
827958546
828024589
828087296
828126943
828391930
828846579
828940288
829159935
829224039
829575079
829977427
830056381
830254400
830364852
830574787
830671236
830706270
830928057
831150852
831229653
832118009
832123284
832126207
832436720
833205184
833336421
833429924
833556989
833920035
834122025
834136083
834256550
834375209
834675371
834860262
836482498
836636529
836937188
836986303
837095470
837735083
838027069
838109779
838181481
838284850
838292043
838714140
838945644
839022369
839080125
839397485
839530471
840108393
840111447
840468826
840756587
840950092
841507754
841734326
841804064
841890484
842127873
842309768
842509381
842615292
842655858
843028046
843391484
843482781
843745051
844468010
844511937
844583373
844592523
845131906
845293251
845336301
845697786
845742528
846023403
846077186
847041890
847760773
848400211
848693613
848700892
848742765
848983753
849036592
849316385
849580793
849651715
849953936
850041522
850436662
850487072
850766090
851061895
851097136
851511512
851832862
851979557
852126662
852345090
852536786
852830091
852948568
853036712
853094802
854316042
854405154
854758152
854870998
854979152
855022913
855378671
855449737
855597772
856094220
856208281
856251982
857105080
857108957
857381925
857632105
857651354
858496586
858819102
858885964
858965712
859009736
859131042
859166105
859200390
859365423
859384899
859728616
860452265
860545069
860787770
861279929
861404946
861700197
862743091
862765100
862829894
863066585
863213137
863310534
863421894
863682273
863773013
863899342
864131026
864751895
865177655
865290809
865741384
865946614
866195367
866355351
866840022
867814861
868008159
868117070
868325079
868409415
868549080
869139998
869236714
870196640
870535719
871069669
871177342
871325365
871670176
872202415
872250032
872597447
874430053
874520449
874637225
874997096
875135736
876468585
877094057
877178639
877424678
877715738
877917270
877968793
877977906
878265201
878459199
878629648
878703845
878860371
879507441
879715628
880187055
880189592
880439144
880557323
881808890
881924716
882051672
882359261
882553813
882869972
882997734
883070138
883360178
883583962
884456740
885291177
885843072
885900108
886312673
887298506
887595283
888254799
888695509
889526420
890700930
890725006
891234482
891738559
891861319
891917509
892053671
892066906
892128935
892846405
893158747
893527379
894019358
894586332
894768251
894795481
895060972
895249635
895821477
896139253
896898036
897037499
897259285
897847460
898050085
898226956
898593514
898618933
898802876
899224138
899400795
900130716
900452333
901193868
902288599
902310351
902696844
902823480
903516123
903891094
904057657
904066658
904413225
905087829
905156484
905183432
906057371
906290087
906717308
906755517
906840653
907024100
907138606
907196335
907257187
907332434
907354992
907383485
908056874
908179811
908191280
908280168
908339596
908426877
908734029
908778418
908991344
909173120
909480212
910037565
911040980
911404616
911602207
911643951
911777644
912087372
912178789
912182047
912312300
912606434
913352071
913478419
913478660
913679010
914054658
916041867
916261276
916275276
916312374
916491129
916859334
917523751
917693879
917813827
918225268
918465872
918552231
918559964
918708990
919031650
920105826
920691387
920821314
920914094
920946228
921730919
922120029
922567266
922761197
922806989
923331090
923638851
923968415
924033724
924345597
925078524
925310913
925796982
926114323
926284865
926402121
926455961
926617410
926677306
926842683
926906589
927228757
927441223
928003773
928059839
928753103
929597034
929669969
929804129
929971833
930148267
931442581
931532549
931630880
933183121
933282159
933429838
933469642
933549849
933884722
933948190
934030616
934070915
934411826
934930776
935061297
935163945
935244300
935436673
935978570
936596328
936967768
937222871
937715437
937881592
937991961
938055181
938652290
938682858
939371133
939543638
939738014
939978769
940197288
940501590
941687281
942015265
942229969
942363689
942625957
942787041
943139020
943243163
944227150
944377646
944378587
944533932
944866517
945358198
945806199
945859435
946163123
946658833
946973407
947476133
948325819
948676068
948834945
948844332
948921037
949706087
949718614
949914111
949933953
950078938
950118643
950912073
951405036
951455033
951607939
952068757
952624517
952817227
952912438
953019988
953478639
953910382
954081849
954096285
954111980
954358941
954563232
954698332
954815645
955062351
955317117
955610609
955639515
955726210
956011642
956355310
956467684
956482042
956892389
957020602
957276879
957513680
957953919
958091992
958236877
958409513
958417689
958550523
958688700
959047249
959235454
959426288
959956425
960031292
960134376
960924079
960935342
961574169
961631242
961669631
962357932
962501698
962503476
962585362
963139620
963191264
963192903
963287266
963353614
963387520
963408195
963455802
963541095
963740302
964000948
964280591
964613657
965064730
965348869
965865302
966190582
966210263
966309806
966329906
966598918
966932085
966944948
967943639
967947495
968267567
968932062
969161211
969163431
969285750
969394437
969433456
969510399
969843915
969966686
969990474
970052590
970078656
970142311
970217508
970227791
970414761
970474496
970526390
970688412
970728736
970861460
971135616
971440115
971564088
972746519
972888135
973062925
973147897
973628215
974320333
974742069
974751257
975163297
975793854
976147913
976194609
976368021
976776686
976831510
976995064
977706214
977752041
979164152
979190544
979191358
979206439
980059835
980226784
982014305
982129237
982310506
982428907
982459944
982758186
983510429
983647769
984123839
984364490
984550334
984738552
984816603
985089720
985772949
986031202
986193457
987117215
987257348
987293689
987739977
987846573
987904375
988188484
988480984
988776001
988956573
988994184
989001703
989251465
989450807
989618157
989895191
990849165
990968444
991170400
991360933
991593524
991763796
991830661
991894867
992092376
992278629
992446219
992897073
993140379
993194844
993486494
993604461
993722528
993723899
993776642
993823979
993972838
993984433
994074173
994349388
994697139
995148851
995174240
995237883
995319139
995584795
995735056
996183381
996296219
996370773
996528768
996611070
996812819
996827330
996947017
997149757
997303176
997619742
998967671
999824639
1000362439
1000604913
1000610063
1000670214
1000692778
1000911926
1001114852
1001759644
1001909611
1002812562
1003423371
1003762175
1003929530
1003981668
1004114542
1004180024
1004331738
1005429555
1005561385
1006178863
1006255747
1006369889
1006590717
1006637523
1006808722
1006985240
1007457308
1007858813
1007977140
1008318633
1008849456
1009098459
1009519769
1009636580
1009826830
1009966726
1010064283
1010095286
1010178184
1010519938
1010848952
1010894818
1011062233
1011886852
1012078923
1012411623
1012436872
1012507122
1013027254
1013257649
1013543731
1013927044
1014582734
1015718815
1015968390
1016266869
1017031617
1017063456
1017070274
1017255009
1017593171
1017604876
1017639204
1017882961
1018057146
1018450315
1018456449
1018724487
1019044375
1019120544
1019952281
1020085303
1020086077
1021133489
1021254484
1021683922
1021771557
1021856371
1022069451
1022757524
1022894664
1023386694
1023493909
1023526192
1023587245
1024037432
1024139617
1024492053
1025054103
1025080555
1025333558
1025336168
1025518636
1026817817
1026965606
1027699312
1028793317
1028922251
1028978517
1029458446
1029799440
1029804926
1030023863
1030296753
1030310081
1030985013
1031100198
1031348280
1031880847
1031888926
1032074518
1032303001
1032509477
1032886671
1032930743
1033314263
1033538309
1033589848
1034153265
1035385185
1036167340
1036463723
1036513664
1036581546
1036629847
1036960781
1036975086
1037048453
1037203935
1037534258
1037590649
1037929707
1037958441
1037995160
1039044276
1039061533
1039226368
1039235778
1039737753
1039877624
1040103848
1040794928
1040812481
1040863981
1040880148
1040951947
1041259759
1041488009
1041711840
1041960300
1042113062
1042214820
1042533547
1042558468
1043178426
1043444932
1043660641
1044046407
1044210902
1044268688
1044769958
1044790935
1046154252
1046399256
1046413043
1046525434
1046565333
1046972873
1047014573
1047313978
1047834073
1048125328
1048306659
1048764827
1049035760
1049468660
1049654927
1049671999
1049749054
1050385762
1050737317
1050925648
1050941445
1051242628
1051347647
1051366754
1051530327
1052121908
1052177298
1052326232
1052500290
1053090680
1053239418
1053847393
1054225244
1054307819
1054308969
1054651726
1054872717
1055769279
1056897157
1057215317
1057764451
1057824761
1058946111
1059277128
1059278694
1059438457
1059484799
1059578715
1060291967
1060740459
1060824847
1060889712
1060960873
1061707931
1063072375
1063212584
1064313298
1064614836
1065105012
1065329935
1065357001
1065551813
1065949485
1066074653
1066519631
1066650374
1066661153
1067286585
1067550768
1067634605
1067708105
1067899983
1067956801
1068077551
1068266432
1068369971
1068610554
1069114031
1069205912
1069251547
1069330731
1070524166
1070774361
1070847922
1070924495
1071025456
1071071136
1071097646
1071296822
1071507854
1071525588
1072420221
1072518617
1072541586
1072941268
1073331700
1073687700
1074185890
1075208565
1075310551
1075921385
1075979256
1076509777
1076740185
1077176793
1077311662
1077366836
1077451365
1077475610
1077586110
1077627662
1077974389
1078202342
1079019682
1079652697
1079785932
1080050207
1080258644
1080350086
1080387804
1080741496
1082187705
1082425461
1082429359
1083048222
1083070260
1083174225
1083262037
1083802426
1083899599
1083967211
1084726681
1085337675
1085649291
1085700776
1085859283
1086022746
1086312371
1086412553
1086413788
1086986084
1087476588
1088101006
1088525000
1088607272
1088920603
1088966514
1089103822
1089644278
1089930540
1090020153
1090445036
1090937440
1091314259
1091370682
1091689626
1091958431
1092165807
1092605751
1092673899
1093293945
1093800490
1093811886
1094075044
1094142746
1094190714
1095032884
1095052740
1095135237
1095452260
1095598080
1095854235
1096300363
1096560422
1096681704
1096721779
1096927734
1097246988
1097351177
1097416568
1097443044
1097597079
1097818862
1097945076
1098519730
1098644752
1098911590
1099010640
1099324109
1100343134
1100897749
1100964610
1101106760
1101282484
1101400381
1101681160
1102036053
1102200830
1102570552
1102574672
1102607107
1102993870
1103173239
1103192326
1103608854
1103629287
1103722822
1103772956
1104010780
1104035860
1104043277
1105411028
1105558626
1105563346
1105570781
1105812070
1106053221
1106299412
1106768291
1106924161
1107466095
1107657087
1107871035
1108120159
1108425390
1108618295
1109082719
1109135712
1109257304
1109568285
1110071554
1110087378
1110089991
1110296037
1110412331
1110537380
1111014081
1111145885
1112113373
1112635664
1112685967
1113188400
1113359093
1114265732
1114481464
1114558112
1115002977
1115312109
1115485048
1115623127
1115748498
1116092508
1116308559
1116601802
1116644969
1116889245
1117151629
1117212061
1117503839
1118383581
1118392207
1118921241
1119552611
1119630207
1119716435
1119849727
1120038636
1120378759
1120430618
1120564890
1120905678
1120932912
1121004272
1121958265
1122318936
1122340066
1122729785
1122875365
1122963776
1123246110
1123563728
1123822927
1124060935
1124292780
1124329657
1124360997
1124455133
1124791360
1125152746
1125432624
1125776403
1126431942
1126569423
1127197806
1127832494
1127891323
1128328369
1128869274
1128929179
1129361887
1129421819
1130039646
1130335113
1131625957
1131779903
1131984377
1131990461
1131995826
1132156974
1132284460
1132658645
1132772836
1132867629
1132934841
1133927304
1134279563
1134443154
1135083519
1135126991
1135370644
1135432057
1135609997
1135627896
1136469574
1136865934
1136934993
1137078318
1138106580
1138466092
1138692728
1139546260
1141138905
1141193263
1141247342
1141798642
1141821686
1142438190
1142815201
1142940573
1142976596
1143401045
1143496324
1143508218
1143607814
1144012441
1144113849
1144210548
1144646544
1145045529
1145525800
1145657851
1145732938
1146229290
1146236054
1146635664
1146819269
1147282787
1147455665
1147623061
1148152645
1148694641
1148831993
1148873634
1149219921
1149644663
1150117890
1150341478
1150583572
1150634076
1150679374
1150834793
1150837156
1150966191
1151175193
1151483189
1151628289
1151932058
1152427726
1152483267
1152545827
1152666158
1153516735
1153710743
1154408145
1155004975
1155795995
1156145426
1156490872
1156842902
1156962199
1157068911
1157588811
1157912338
1158060759
1158416669
1158768059
1158958780
1159684656
1159793825
1159809693
1160263911
1160304653
1160452976
1160659092
1160822910
1161116480
1161313300
1161695691
1161848881
1162033329
1162079941
1162694628
1163071847
1163640904
1163690957
1163855626
1164292613
1164460918
1164956008
1165703160
1165957829
1165974785
1166199897
1166300741
1166353918
1166908187
1166963391
1167022124
1167787255
1167915672
1168439520
1168488082
1168742884
1169522971
1169751143
1170139269
1170445950
1170859938
1171401523
1171551357
1172070906
1172406564
1172821670
1172915883
1173214706
1173294438
1173889983
1174040054
1174511442
1174686019
1175150949
1175386562
1175627888
1175917541
1177158517
1177296665
1177366090
1177620088
1178886929
1179115912
1179545282
1179771784
1179889576
1179910707
1180000435
1180761763
1181281234
1181454852
1181879591
1182297610
1182310951
1182505137
1182936390
1182971671
1183885078
1184174454
1184185588
1184266181
1185162635
1185740364
1185772666
1185799895
1185812950
1186004199
1186087312
1186144752
1186259413
1186454864
1187462360
1187606686
1187850868
1188238279
1188437403
1188606460
1188766227
1189227445
1189710715
1190095952
1190709318
1190822994
1191237635
1191240893
1192216886
1192324698
1192546898
1193468544
1193601878
1193999912
1195396053
1195438314
1195727887
1195939838
1196083915
1196158743
1197088829
1197330951
1197430900
1197560405
1197851086
1197934007
1198674435
1198740816
1198894700
1199081092
1199249350
1199609300
1199672932
1199972569
1200474985
1200527837
1200689346
1200712502
1200999689
1201017582
1201031703
1201178389
1201659045
1202133190
1202469327
1202489042
1202526250
1203235511
1203308556
1203340221
1203831507
1203978716
1204778688
1204899505
1205587597
1205984438
1206106265
1206478846
1206779060
1206879953
1207255433
1207450699
1207778776
1207940891
1208160668
1208165814
1208655492
1208884472
1209366062
1209856471
1209924591
1210604574
1210672156
1211096250
1211772346
1211798469
1212146565
1212266513
1212375314
1212685502
1212954891
1213274170
1213873185
1213906679
1213910337
1213960236
1214766725
1214943728
1215044735
1215237741
1215354839
1215781905
1215899775
1216037480
1216258416
1216634533
1216948223
1217023108
1217062483
1217757587
1218261895
1218276910
1218451135
1218735199
1218910991
1218969731
1219172759
1219185239
1219591238
1219989878
1220200002
1220452408
1220557989
1220616663
1220782584
1221568620
1221722136
1221855527
1221890266
1221958228
1222193480
1222449682
1222533246
1223265807
1224120698
1224401925
1225059827
1225326830
1225607880
1225673504
1225918421
1226817342
1227313620
1227802352
1228182342
1228186193
1228376439
1229161896
1229374736
1229819191
1230129330
1230255780
1230589158
1230849400
1231087841
1231652036
1231653416
1232401768
1232745335
1233024428
1233709281
1233889865
1233962839
1234350269
1234484153
1235845477
1236372232
1236382656
1236471178
1236972973
1237002010
1237039723
1237245596
1237512244
1237675403
1238455782
1238594706
1238738542
1239853563
1239979234
1240127502
1240164918
1240206820
1240793828
1240958798
1241161483
1241278438
1241555979
1241776243
1242126815
1242275159
1243161682
1243559303
1243752151
1243876747
1244181316
1244416073
1244507143
1244610628
1244995317
1245390569
1245852534
1246003549
1246112299
1246121780
1246383977
1246411066
1246672206
1247094856
1247325371
1247442704
1247875045
1248071893
1248221486
1248443817
1248616636
1248815829
1249118080
1249141089
1249555955
1249684800
1249843180
1249934793
1250054097
1250208659
1250418429
1250431822
1250567369
1250604178
1250785585
1250893724
1251460339
1251641822
1251789721
1251843911
1251881967
1252494240
1252592147
1252870042
1253161479
1253797036
1253831255
1253880891
1253913878
1254299639
1255035006
1255119450
1255385806
1255498269
1255545138
1255658724
1255832441
1255904381
1255962459
1256275022
1256705673
1257367438
1257373677
1257654333
1257918327
1258129337
1259044597
1259480282
1259542030
1259857243
1259993187
1260289538
1260376969
1260462755
1260540344
1260771810
1260870444
1260873379
1260995039
1261008235
1261080739
1261264076
1261406173
1261459182
1261844456
1262767357
1263133374
1263422500
1263555140
1264340547
1265291264
1265376437
1265926067
1266155705
1266428846
1267389208
1267395335
1267504224
1267643108
1267893954
1268395258
1268605800
1269050009
1269348600
1269694095
1269801089
1269939925
1270435006
1270684611
1270928369
1271156413
1271500225
1271572953
1271607623
1271616557
1271795198
1271817660
1272329621
1272770363
1273136959
1273562632
1273574259
1273610229
1274975090
1275126729
1275198868
1275382061
1276231407
1277812408
1277816672
1278397831
1278545353
1278696029
1279198087
1279581696
1280166945
1280218622
1280681996
1281417347
1281717138
1281745126
1282502638
1282585339
1282778917
1282828512
1282904687
1282949087
1283843543
1283997730
1284161170
1284318686
1284509104
1284560153
1285536548
1285674983
1285736188
1286561300
1287720290
1288144134
1288340998
1288527592
1288882394
1288892381
1289140143
1289337542
1289657046
1291116648
1291351088
1291364940
1291379306
1291764774
1291791680
1291854791
1292213372
1292358430
1292363637
1292714729
1292808563
1293173084
1293548644
1293583835
1294177675
1294458204
1294579346
1294676571
1294758094
1294843707
1295157805
1295222269
1295629517
1295729618
1295833801
1295940397
1295978854
1296244962
1296826947
1296888248
1296930183
1297702845
1297937075
1298666423
1298873854
1298985711
1299980631
1300053165
1300239338
1301012614
1301140718
1301317432
1301646831
1301876089
1302022756
1302841174
1302952199
1303248318
1303950516
1304181249
1304483232
1304582551
1304617152
1304841722
1305186603
1305357422
1305750931
1305859018
1306248421
1306612784
1306797845
1306920678
1307219740
1307357477
1307416962
1307519487
1307649649
1307702530
1307986113
1308025456
1308968109
1309010445
1309297033
1309877397
1310284442
1310295829
1310322924
1311203937
1311567728
1311644845
1312271729
1313085380
1313282662
1313557733
1313916317
1314045395
1314345851
1314526925
1314557333
1315225293
1315508635
1315624560
1316281695
1316303632
1316735572
1317336662
1317655006
1317660435
1317836539
1317926472
1317987642
1318537099
1318863125
1318969570
1318985329
1319120813
1320067830
1320485244
1320491745
1320675462
1320923876
1321342838
1321766986
1322005211
1322250901
1322577957
1322811578
1323445013
1323667807
1324089892
1324349355
1324840888
1325172462
1325255877
1325279597
1325393663
1325700631
1325853947
1326160997
1326311929
1326821951
1327074440
1327268585
1328457082
1328661816
1328800037
1329130884
1329240499
1329380431
1329426968
1329857139
1330080658
1330767822
1330836994
1331015966
1331037321
1331355771
1332046638
1332104513
1332558583
1332771973
1332778004
1333056289
1333364888
1333454122
1333681705
1333711699
1333869379
1334088481
1334438083
1334685426
1335685150
1335953547
1336077626
1336125926
1336235506
1336256422
1336322517
1336624335
1337939902
1337944958
1337988980
1338247971
1338248008
1338464311
1338495543
1338825197
1339083598
1339688993
1340114286
1340162406
1340227929
1340510389
1340690657
1340806140
1340929392
1341276686
1341661553
1342195266
1342596918
1343008998
1343056961
1343247054
1343581580
1343695570
1343719527
1343979655
1344161961
1344174686
1344459311
1344657753
1344871753
1345137096
1345641754
1345726884
1345988438
1346130436
1346246527
1346532960
1347708596
1347868295
1347973306
1349302687
1349310462
1349564983
1349720633
1350150126
1350646447
1350730932
1350851767
1350860671
1350909267
1351151157
1351413754
1351501318
1351607255
1351725766
1352027119
1352353779
1352371969
1352554531
1352556088
1352985481
1353097312
1353809092
1353883365
1354223905
1354463346
1354570915
1354997477
1355082994
1355924149
1355949235
1355952820
1357084443
1357318551
1357333637
1358158131
1358286128
1358712861
1358965273
1359436443
1359438639
1360252975
1360402433
1361253762
1361667593
1362084170
1362097621
1362701292
1362854627
1363086110
1363341331
1363382606
1363437921
1363483521
1363703803
1364099155
1364120611
1364162560
1364605338
1364628268
1365280251
1365593092
1365806870
1366358660
1367871682
1368292874
1368396281
1369082175
1369547111
1369642292
1369979840
1370758105
1370865757
1370956631
1371946392
1372022014
1372674989
1373029960
1373102985
1373600347
1373796443
1373904520
1373906678
1374289740
1374715896
1375030440
1375123727
1375367923
1375740565
1376228757
1376254930
1377215166
1377838356
1378373969
1378418814
1378990716
1379084304
1379100728
1379103451
1379268404
1379334668
1379445509
1380208975
1380864230
1381139889
1381366496
1381508672
1381599740
1381747370
1381900550
1381944700
1382060678
1382102071
1382443045
1382793574
1383369821
1384233586
1384353129
1385456360
1385482363
1385588198
1385740356
1386087127
1386149506
1386395255
1386814988
1386845738
1386891614
1387226341
1387245874
1387270054
1387322113
1387495922
1387821583
1387872582
1387982480
1389042948
1389310537
1389402967
1389599358
1389614322
1389965656
1390309036
1390699042
1390776819
1390850791
1391137151
1391154949
1391181869
1391513767
1391687440
1391824317
1392189732
1392693565
1392734848
1392963442
1392979765
1393178436
1393258519
1393418056
1394033307
1394099927
1394286448
1394327291
1394344234
1394354940
1394665898
1394976577
1395028363
1395259489
1395291665
1395600218
1395676033
1396212204
1396467382
1396491434
1396643348
1396680113
1396875011
1396940788
1397102120
1397181621
1397295172
1398026006
1398031750
1398568559
1398620699
1398784140
1399181969
1399526010
1399703018
1399998834
1400454145
1400796322
1401163343
1401436806
1401663223
1401696099
1401705604
1401737581
1402157740
1402318869
1402332348
1402614281
1402665975
1402920304
1403946542
1404085586
1404150622
1404526147
1405446288
1405790894
1405954019
1406040957
1406106892
1406184988
1406337560
1406812216
1407469795
1407614402
1407619958
1407621226
1407946385
1408054828
1408395737
1408465257
1408583037
1408843063
1408953214
1409098978
1409159588
1410094081
1410312684
1410488546
1410782795
1410855561
1410914454
1411293608
1411848942
1412119160
1412210132
1412404348
1412961072
1413017611
1413671142
1413942215
1414003249
1414144828
1414336486
1414411050
1414449195
1415468252
1415902301
1416086949
1416102193
1416353854
1416533000
1416533752
1416788971
1416958934
1417038319
1417904155
1417971045
1418426966
1419179121
1419749470
1419792011
1420144505
1420207847
1420650975
1421126510
1421784985
1422292945
1422318633
1422613039
1423169907
1423309672
1423401136
1423988129
1425049714
1425263961
1425280907
1425384024
1425771712
1426063605
1426242969
1426342688
1426459550
1426555589
1426629242
1426914095
1427110909
1427261340
1427625263
1428447137
1428678648
1429043841
1429513807
1429698704
1429921101
1430778240
1431119510
1431176418
1431404295
1431715130
1431746225
1431962597
1432234864
1433449672
1433664287
1433899453
1434231090
1434536357
1434677043
1435112554
1435349119
1435504075
1435617300
1436697361
1436975266
1437156733
1437243904
1437474997
1438799704
1438865314
1439136323
1439166517
1439286167
1439484259
1439537449
1439566443
1440034524
1440614598
1440766222
1441016258
1441298510
1441364546
1441371486
1442157590
1442168950
1442190050
1443856777
1443876761
1444405015
1444559391
1444775931
1445337977
1445655146
1445752973
1445804224
1445814984
1445904215
1446472839
1447030198
1447218332
1447768749
1447846900
1448499661
1448506850
1448622282
1448858178
1448989753
1449483449
1449535162
1449574072
1449672136
1449770996
1450013545
1450075602
1450078268
1450342529
1450813441
1451562037
1451595955
1451878106
1451919927
1452004880
1452854896
1452954767
1453409522
1453494231
1454073582
1454867056
1455015265
1455306615
1455711587
1456028401
1456144082
1456335332
1456834196
1457377215
1458148900
1458253365
1458332567
1458413922
1458505754
1458778234
1459133982
1459379462
1459852250
1459924801
1460201420
1460311605
1460335258
1460387114
1460537406
1461024506
1461124910
1461397220
1462201286
1462434940
1462494919
1462766764
1462847647
1463119519
1463773523
1464054394
1464550629
1466076370
1466518816
1466796943
1467673971
1467775893
1468422591
1468427560
1468578884
1468738972
1468773981
1469189026
1469336443
1469381677
1469731888
1469815864
1469869015
1470120113
1470242586
1470337474
1470844894
1471255418
1471357569
1472569326
1472834798
1473092811
1473175405
1473487602
1473518474
1473993620
1474274502
1474330593
1474332620
1474406986
1474631463
1474848900
1475562397
1475566426
1475819084
1475922203
1476210058
1476322462
1476391277
1476425389
1476538274
1476881720
1477283100
1477903172
1478179661
1478636532
1478778365
1478862293
1479205824
1479337927
1479390664
1479560465
1479625722
1479757696
1480069178
1480080231
1480524998
1480685275
1481036541
1481345958
1481520016
1481594655
1482021352
1482651870
1482823366
1482832193
1483350547
1484023737
1484794207
1485307265
1485456846
1485461543
1485529441
1485784433
1485794329
1486929887
1487020029
1487310310
1487589973
1487622440
1487755300
1487806208
1487865776
1488039351
1488056910
1489442654
1490045670
1490434888
1490596067
1491335511
1491335669
1491466388
1491571320
1491781300
1492109713
1492247874
1492252000
1492551844
1492647193
1492894794
1493126795
1493240926
1493319329
1493321920
1493518849
1493899419
1494488925
1494761632
1494944850
1495046330
1495134806
1495193252
1495632157
1496271188
1496559341
1496667075
1496681138
1496768368
1496884312
1497699484
1497869607
1497964454
1498647398
1498696862
1498832493
1498844279
1498934178
1499167736
1499931458
1500471467
1500499797
1500846366
1501023675
1501429674
1501822088
1501882479
1502045694
1502543527
1502725527
1502776264
1502817394
1502848865
1503014990
1503073638
1503243628
1503298738
1503701310
1504420502
1504873369
1505019081
1505086455
1505634972
1505986258
1506052925
1506504009
1506551144
1506988965
1507601476
1507838943
1508041655
1508319330
1509029064
1509200383
1509328210
1509684959
1509692546
1509779076
1510005256
1510145071
1510871528
1510928996
1511042981
1511381241
1511619382
1512256828
1512672037
1512888166
1512930500
1513074319
1513205623
1513758346
1514522703
1515149644
1515391853
1515473170
1515607720
1515662349
1515871193
1515936485
1515955270
1516576083
1517384633
1517723424
1517775197
1518004068
1518562227
1518576731
1518586559
1519701237
1519939678
1520300887
1520837104
1520929928
1521056844
1521070759
1521511659
1521521304
1521828394
1521893336
1521944873
1522304821
1523842600
1523936596
1523953797
1524076838
1524593003
1524839964
1524865464
1525158164
1525167364
1525783064
1525972474
1526164629
1526299576
1526821865
1526845252
1527001067
1527199236
1527239988
1527302941
1527674142
1527916475
1528010991
1528196407
1528396391
1529201909
1529252892
1529607618
1529821268
1530181463
1530555988
1530640046
1530641887
1530884231
1531151533
1531247702
1531438149
1531674679
1531740545
1531769887
1532758245
1532823490
1532828244
1533222004
1533233009
1533395700
1533575030
1533627670
1533834339
1534255930
1534403151
1534448684
1534455007
1534589860
1534607311
1535049497
1535394797
1535434559
1535640386
1535944393
1535993149
1536516650
1537508077
1537554546
1537834778
1537950160
1538031444
1538277327
1538774293
1539097938
1539098474
1539206812
1539432013
1539508489
1540044905
1540218529
1540259474
1540320648
1541420130
1541591694
1541730358
1541851149
1541951561
1542257772
1542398856
1543096528
1543228764
1543326926
1543664650
1543701172
1544110143
1544218888
1544229369
1544502327
1544685486
1545200987
1545348068
1546474339
1547240854
1547707242
1547767760
1547770431
1547905863
1548097878
1548365955
1548899512
1549176916
1549519324
1549854178
1550148068
1550442207
1550676227
1550770526
1550883486
1551032377
1551265659
1551591016
1552153017
1552560614
1552860953
1553111748
1553178377
1553443629
1554129767
1554183413
1554257821
1554313893
1554446671
1554653479
1554793546
1554957133
1555268634
1555289493
1555563845
1555615087
1555987812
1556071966
1557020965
1557061245
1557123075
1557959227
1557961761
1558061756
1558134944
1558454722
1558557860
1558650067
1558693712
1559142387
1559223176
1559733554
1559751693
1559991234
1560007356
1560253362
1560933752
1560976835
1561133308
1561189060
1561714696
1561998218
1562602043
1562932655
1563352373
1563387889
1563814205
1563909403
1563957364
1564024804
1564086531
1564278631
1564987833
1565853468
1566168385
1566801598
1567265189
1567275718
1567291003
1567381123
1567562249
1567838082
1568066149
1568083542
1568095475
1568123213
1568262868
1568571881
1568575514
1569007361
1569255937
1569348270
1569359050
1569482599
1569503991
1570155055
1570275140
1570761329
1571279138
1571519351
1572078552
1572378525
1572822550
1572959933
1573084653
1573110701
1573480791
1574302448
1574504109
1574634287
1574841207
1574953765
1575513267
1575885807
1576057411
1576260808
1576514010
1576936374
1577151887
1577205774
1577506450
1577713318
1577754323
1578109669
1578208287
1579322675
1579386144
1579862077
1579902272
1580158101
1580186775
1581317980
1581574043
1582023657
1582212009
1582730432
1583055251
1583089359
1583349112
1583692148
1584028782
1584039016
1584048118
1584088632
1584278997
1584703133
1584802468
1584962667
1585144538
1585375034
1585394161
1585464422
1586488605
1586671196
1586685697
1586821325
1587256927
1587408824
1587455990
1587524154
1587607986
1587853274
1587962048
1588039785
1588065182
1588146720
1588671281
1588808533
1588826913
1588972817
1589032307
1589195746
1589297625
1589598993
1589867643
1589928017
1590096832
1590282302
1590304770
1590439383
1590477393
1590652616
1590815835
1591263615
1591426110
1592029261
1592577458
1593058958
1593224985
1594458284
1594769514
1595201244
1595378331
1595432694
1595658071
1595727976
1595856682
1596063824
1596189300
1596241923
1596421951
1597417010
1597453256
1597618019
1597787596
1598273085
1598397497
1598591047
1598643871
1598984236
1599030773
1599526182
1600012224
1600047404
1600352822
1601210416
1601597035
1601676711
1601832989
1601977366
1602006841
1602211698
1602432053
1603333382
1603520083
1603593173
1603718484
1603726745
1603846526
1604009718
1604011005
1604059728
1604181516
1604299146
1604369000
1604481511
1604675623
1604735844
1604988535
1605397726
1605616746
1605969768
1606690846
1607076725
1607324530
1607910415
1608152647
1608288721
1608353874
1608471389
1608481912
1608693555
1608791304
1608983395
1609471510
1609553101
1609618668
1609840654
1610384746
1610462662
1610729799
1610803540
1610848129
1610910418
1610944455
1611251023
1611354381
1611368272
1611431923
1611463885
1611721252
1611903589
1612242248
1612564633
1613433127
1613484339
1613770589
1614118351
1614224167
1614645104
1614980496
1615254679
1615287816
1615490335
1615556779
1615612545
1616076077
1616461879
1616858883
1617088289
1617566036
1617990098
1618415804
1618493528
1618789736
1618873701
1618948694
1619082264
1619345290
1619565990
1619758319
1620050669
1620132370
1620135600
1620820819
1620959403
1621787138
1621805656
1621829239
1622833627
1623554851
1623590390
1624197659
1624710273
1624796426
1626872993
1626975831
1627152812
1627254967
1627655925
1627775158
1628580756
1629284357
1629345861
1630332206
1630697185
1630789482
1631007068
1631727478
1631776512
1632509046
1633431189
1633812061
1633844606
1634029366
1634476851
1634498264
1634675224
1634856892
1634915059
1635443262
1635563740
1635844251
1636036973
1636089356
1636292301
1636678173
1637600127
1637732634
1637780364
1638226189
1638784571
1638898635
1639164563
1639267518
1639306930
1639509021
1639698878
1640087594
1640134305
1640274032
1640408688
1640485350
1640505137
1640613953
1640653846
1641296477
1641479789
1641491381
1641551190
1641605349
1642044694
1642285918
1642308677
1642533511
1642800718
1642875263
1642893081
1643503306
1643594385
1643670409
1643687355
1643861292
1644332372
1645079792
1645876761
1645892116
1645967280
1646142659
1646221711
1646223401
1646400807
1646690012
1646791663
1647036136
1647294050
1648051685
1648170933
1648248992
1648522402
1648795750
1648808565
1649015939
1649066900
1650200847
1650217909
1650911096
1651173592
1651505711
1651758944
1651911268
1652080954
1652159916
1652175339
1652831165
1652930467
1653565702
1654144940
1654510825
1654950952
1655659920
1655809485
1655827197
1655897744
1655941985
1655954607
1656119688
1656407329
1656865018
1656926776
1657459979
1657546848
1657591191
1657863868
1657978470
1657984505
1658461611
1659058837
1659274010
1659918487
1659957258
1660115769
1660154208
1660628978
1660978397
1661213231
1661344535
1661388141
1661767723
1662390545
1662900669
1662978606
1663481220
1663872691
1664307005
1664466611
1664602689
1665273092
1665353060
1665505446
1665856994
1666009592
1666176222
1666384318
1666542196
1667167254
1667341436
1667513941
1667663366
1668155009
1668304724
1668879564
1669016155
1669236111
1669299784
1669492885
1669945694
1669957271
1669966751
1670347710
1670353339
1670817816
1670973869
1671119969
1671121826
1671235502
1671483748
1671611025
1671674222
1671929203
1672190371
1672356912
1672548167
1672705147
1672738757
1673160567
1673198756
1673313341
1673668572
1674016269
1674471296
1674489822
1674819961
1675464226
1676070072
1676538242
1676796289
1677016722
1677104566
1677194001
1677345182
1677643945
1677758965
1677806798
1678624826
1678692486
1679198388
1680363359
1680410055
1680514308
1681143524
1681428106
1681695395
1681769214
1681965823
1682233392
1682578231
1682911289
1682937093
1683140074
1683349874
1683550122
1683629362
1684469066
1684520888
1684598934
1684652271
1684788780
1684941735
1685218665
1685299353
1685456726
1686144940
1686310074
1686390617
1686481457
1686836872
1686953193
1687293665
1687307561
1687407887
1687931952
1688076313
1688559656
1689615197
1689701884
1689766871
1689848859
1689987347
1690093030
1690262947
1690300792
1690430701
1690612213
1691125527
1691771625
1692019048
1692596029
1692987688
1693173866
1693223555
1693421565
1693530444
1693635133
1693740645
1694105783
1694330299
1694715354
1694749195
1694872442
1695259467
1695350706
1696538251
1696684863
1696691826
1696798467
1696908254
1696937055
1697382760
1697560717
1697581980
1697806982
1697981074
1698902068
1698999111
1699157385
1699510689
1699661600
1699668981
1700012593
1700114143
1700516588
1700750389
1700807946
1701310765
1701483507
1701926054
1702118237
1702181362
1702594886
1703634541
1703839555
1704238114
1704794423
1705348467
1705390780
1705416242
1705487423
1705605477
1705788120
1707444471
1707803866
1707855184
1707942799
1708142328
1708608304
1708751013
1708978405
1708982218
1709167764
1709233734
1709500449
1710089625
1710093800
1710230677
1710277089
1710658008
1710878931
1711059263
1711174518
1711549345
1711551957
1711783415
1711785084
1711891241
1712077902
1712384542
1712533505
1712767657
1713143979
1713371693
1713379510
1713595343
1713689763
1714031819
1714290315
1714725471
1714913722
1715286649
1715322227
1715659948
1715793623
1716391980
1716522633
1717015910
1717093072
1717418515
1718506661
1718645670
1719369504
1719590073
1719709350
1719838714
1719875276
1719981448
1720068672
1720208940
1720297249
1720337804
1721520061
1721903126
1722354927
1722396463
1723436866
1723647133
1723666261
1723723006
1724088093
1724124332
1724409284
1724410096
1724527813
1725201208
1725367227
1726174611
1726588675
1726964171
1726998144
1727482762
1727616021
1727680411
1727929157
1728636548
1728701864
1728728679
1728875429
1729168264
1729354471
1729567463
1729957464
1731798113
1732217287
1732981774
1733031238
1733190591
1733194187
1733480572
1733701675
1733980266
1734121261
1734627197
1735807653
1735909472
1736075892
1736514726
1737133632
1737158182
1737339206
1737356491
1738017365
1738018128
1738064910
1738154048
1738516561
1738556332
1738669745
1739606862
1739656853
1740216804
1740328671
1740441362
1740474995
1740492630
1740902888
1741031646
1741115448
1741309455
1741319964
1741482233
1741886890
1741995060
1742176487
1742437969
1742845602
1743589227
1743854314
1743893716
1744138557
1744502923
1745209162
1745370176
1745533828
1745839555
1746003196
1746116583
1746144450
1746655112
1747065187
1747425783
1747428014
1747764111
1747792112
1748511854
1748523908
1748690730
1748940390
1748993118
1749013235
1749323440
1749419831
1749448831
1749766223
1749784275
1750604419
1750610015
1750758679
1751261425
1751603214
1751826537
1752272841
1752583288
1753385132
1753453069
1753500959
1754039085
1754170776
1754195084
1754254619
1754281922
1754282384
1754487403
1754563337
1754942590
1755446720
1756088739
1756095452
1756325363
1756620989
1756777822
1756959529
1757437934
1757803741
1757990726
1758105030
1758436135
1758514285
1758733027
1758873174
1759068900
1759164727
1759509123
1759564869
1759604365
1759707096
1759812979
1759947724
1760150656
1760510871
1760694184
1760819007
1761027938
1761957046
1762278395
1762427602
1762504520
1763299715
1763460942
1763482323
1763486961
1763500587
1763912624
1764008783
1764010093
1764012986
1764507890
1764841667
1765043866
1765389344
1765455005
1765509686
1765958690
1766147950
1766924059
1767005569
1767206754
1767267969
1767458917
1767491452
1767681199
1768092867
1768186598
1769149923
1769196329
1769244530
1770344274
1770515508
1771517985
1771630006
1771651124
1771961906
1772238937
1772357997
1772515361
1773060205
1773209025
1773241660
1773515651
1773761859
1774509913
1774564609
1774577052
1774876530
1775015825
1775260989
1775343775
1775767307
1775799462
1775804515
1776087450
1776171676
1776212438
1776936155
1777340001
1777373948
1777548932
1777883014
1777893562
1778000798
1778100913
1778815888
1778920090
1779037397
1779217584
1779522867
1779726288
1780041109
1780310890
1780957798
1781053726
1781114185
1781464711
1781527794
1781614953
1781868812
1782064699
1782428277
1782577164
1782591965
1782977897
1783254295
1784054764
1784079819
1784348457
1784622639
1784645122
1785121300
1785302400
1785333618
1785338612
1785573107
1786283984
1786796620
1787823077
1788141276
1788496915
1788629520
1788673406
1788848515
1788868766
1789149132
1789256793
1789303659
1789513174
1789588481
1789673975
1789905436
1789997274
1790306515
1790590459
1790714277
1790866624
1790939989
1791469833
1792063306
1792603354
1792698172
1793082389
1793199907
1793369673
1793889474
1793896968
1794127159
1794201745
1794263082
1794265344
1794418448
1794511308
1795236559
1795467392
1795565317
1795716592
1796002794
1796011905
1796036433
1796105079
1796321765
1796641917
1797062586
1797131684
1797194836
1797255574
1797280749
1797337038
1797466655
1797767356
1798057920
1799066668
1799107740
1799375472
1799491555
1799616086
1799950819
1800034067
1800407967
1800552270
1800573768
1801007826
1801347764
1801657658
1801938102
1802410250
1802432421
1802727283
1802990010
1803037574
1803547993
1803788232
1804562446
1805066051
1805237181
1805559709
1805569956
1805590935
1805754422
1805922279
1806146447
1806392561
1806451856
1806568886
1806693046
1806700335
1806787095
1806923350
1807166776
1807199497
1807380416
1807733096
1807844551
1807927753
1808124697
1808195566
1808381547
1808485157
1808500526
1808512563
1808825821
1809165166
1809249418
1809830854
1810066140
1810223685
1810251100
1810279658
1810501424
1810666790
1810868089
1810891803
1811081980
1811130208
1811582481
1811624023
1811841629
1812280955
1812322514
1812878689
1813168462
1813220294
1813291709
1813340490
1813427864
1813629656
1813707107
1813868038
1814290525
1814558199
1814978033
1815068837
1815493980
1815613101
1816201190
1816367222
1816548638
1816558349
1816670884
1818057266
1818555151
1818586696
1818792992
1819170245
1819567785
1819753419
1819757606
1819870054
1820695418
1820718261
1820956258
1821097630
1821595013
1822037524
1822071058
1823256579
1823579360
1824113986
1824340304
1824457799
1824552561
1824637026
1824682947
1824822358
1825084373
1825112354
1825568283
1825643815
1825860526
1825896576
1826391074
1826709998
1827028313
1827680897
1827735566
1828263825
1828270306
1828839154
1829459001
1829590081
1829892311
1830380167
1830380382
1830974087
1831326994
1831549410
1831587331
1831603801
1832058214
1832102719
1832829894
1833362214
1833646422
1834048177
1834212643
1834265793
1834574877
1834642296
1834682910
1835409279
1835799039
1835921841
1836254238
1836491053
1836503319
1836600250
1837169177
1837206345
1837311612
1837980398
1838257787
1838300413
1838333593
1838963966
1839247346
1839347292
1839364028
1839455230
1839802916
1840217850
1840326038
1840656280
1840832156
1840931331
1841302962
1841388042
1841419536
1841498417
1841562461
1841644527
1841688224
1841777394
1841778823
1842197159
1842576734
1843322387
1844377630
1844784180
1844918971
1844968309
1844971210
1845193436
1845395384
1845428862
1845883990
1846171433
1846426981
1846608391
1846641506
1847263527
1847926398
1847931205
1848516237
1848594749
1848596572
1848673952
1848684011
1848858908
1849137271
1849408087
1849454620
1849612035
1849949915
1850008782
1850103380
1850227621
1850238572
1850390849
1850745483
1851026536
1851213244
1851395069
1851441131
1851555764
1851835291
1852276397
1852331316
1852430375
1852503076
1852804682
1852988698
1853049921
1853067946
1853137421
1853174784
1853184046
1854774977
1855212797
1855645701
1855969848
1856122560
1856713497
1856974089
1857105460
1858208590
1858242523
1858799168
1858909755
1859183473
1859490570
1859605278
1859633222
1860228390
1860357014
1861233707
1862228650
1862446963
1862706634
1863002575
1863224256
1863915340
1864555826
1864914269
1865387979
1865715118
1865976004
1866324250
1866413254
1867022373
1867041198
1867407837
1867418846
1867453524
1867602545
1867763976
1867832912
1868134867
1868203442
1868365599
1868764423
1869142918
1869287194
1869676084
1870239096
1870722391
1870770236
1870930256
1871324081
1871437334
1871443444
1871486349
1871525284
1871610375
1871754739
1871814845
1872186003
1872272039
1872277446
1872387448
1872437730
1872622945
1873115464
1873126259
1873217817
1873346759
1873537789
1873909487
1873984819
1874146508
1874275956
1875009646
1875871240
1876736931
1876873711
1877299762
1877466079
1877880477
1877891469
1878224669
1878305941
1878751785
1879264400
1879288016
1879450829
1879453052
1879508886
1879553299
1879829853
1880203177
1880710233
1880828231
1881158538
1881370081
1882157795
1882203080
1882250419
1882754625
1882968414
1883308859
1883843869
1884172816
1885174898
1885204885
1885448664
1885655981
1885799944
1885802676
1885949734
1886301315
1886450866
1886792193
1886925244
1886974181
1887093631
1887430102
1887443820
1887521635
1887900188
1888126901
1888233573
1888283974
1888814344
1888888311
1888941755
1889072439
1889212422
1890035029
1890294636
1890503421
1890566659
1890889524
1890921671
1891225196
1891383530
1891592219
1891677969
1891877547
1892151508
1892392993
1892646349
1892722386
1892870254
1892954804
1893046127
1893284776
1893726386
1893984872
1894365471
1894468054
1894548970
1894719768
1895134980
1895848039
1895944640
1896658406
1896693278
1897050075
1897373354
1897680863
1897854470
1898208934
1898265113
1898592309
1899063155
1899092105
1899270663
1899302210
1899683283
1900554323
1900649807
1901174363
1901399630
1901870720
1901914983
1901956605
1902030209
1902689104
1902785073
1902822638
1904271346
1904349857
1904367759
1904608950
1905048908
1905365374
1905420842
1905829347
1905829719
1906101433
1906322127
1906422676
1906585106
1906697059
1906974829
1907370885
1907861561
1908035362
1908169198
1908326619
1908600581
1908629707
1908840989
1908841287
1908925844
1908943996
1909222424
1909242917
1909290374
1909524196
1909785815
1909875449
1910037151
1910288319
1910322214
1911250873
1911663394
1911955279
1912671932
1912750939
1913062353
1913347435
1913625085
1915705662
1915803503
1915847063
1915865677
1916004758
1916338401
1916351616
1916369030
1916370916
1916498744
1916570883
1916641477
1916711169
1916902423
1917591314
1917864198
1918153968
1920019433
1920412039
1920413187
1920622610
1920979847
1921198198
1921573462
1922382644
1922600765
1922620072
1922700588
1922826213
1922912739
1923287147
1923345119
1923401779
1923571050
1924121375
1924198618
1924248036
1924312102
1924325531
1924427972
1924601877
1924655029
1924690691
1925045956
1925712533
1925883252
1926121198
1926486975
1927487931
1927614841
1927694704
1927928512
1928142177
1928358897
1928666946
1928812397
1931049405
1931121862
1931243465
1931438908
1931704082
1932000785
1932289740
1932357998
1932903801
1932915808
1933056337
1933087204
1933123952
1933131906
1933175257
1933653970
1934086431
1934140591
1934316885
1934876694
1935197150
1935601437
1935824642
1936121328
1936257798
1936276839
1937333033
1937462755
1937627139
1937741121
1937972036
1938087043
1938743499
1939451911
1939683473
1939931380
1940406085
1940434375
1940458648
1941366159
1941408663
1941501149
1941755080
1941849736
1941934611
1942187514
1942389195
1942664535
1943358645
1943835993
1943990982
1944077002
1944112778
1944344965
1944365708
1944694075
1945262834
1945336955
1945381940
1945491742
1945548349
1945715686
1946332390
1946787226
1947083340
1947517182
1948540301
1948590654
1948767820
1949073767
1949796792
1950015931
1950519533
1950597435
1951015379
1951255525
1951404167
1951556032
1951564630
1951847521
1951939362
1951959430
1952342499
1952911628
1953008398
1953223685
1953861395
1953877187
1953891142
1954333648
1954826737
1955203223
1955272239
1955436557
1955475244
1955563507
1955571204
1955679186
1955996146
1956245964
1956327198
1956442528
1957213802
1957231942
1957450250
1957699815
1957707960
1957892092
1958331524
1958331924
1958873661
1959239906
1959369687
1959396454
1959445534
1959453337
1959461197
1959676045
1959933277
1960292925
1960554734
1961095667
1961690670
1962101251
1962266847
1962298146
1963068814
1963110569
1963275296
1963310197
1963399370
1963657160
1963675338
1963911348
1964226357
1964342668
1965385922
1965819382
1966027532
1966196388
1966373301
1966529474
1967229638
1967574068
1967724992
1967866121
1968659333
1969094224
1969113898
1969481277
1969900816
1969977008
1970142547
1970158341
1970158552
1970305875
1970524699
1970962909
1970998353
1971002029
1971774435
1971908934
1972692992
1973018985
1973571829
1973719676
1975058062
1975334421
1975771016
1975998851
1976075223
1976687020
1977004831
1977787343
1977821988
1978403376
1978962310
1979092053
1979546153
1979989139
1980281988
1981078082
1981413403
1982438107
1982667316
1982764302
1982817259
1982943612
1983290193
1983408339
1983454005
1984443258
1984475621
1984492986
1984735235
1985103432
1985271038
1985279849
1985283507
1985375714
1985778613
1985867239
1986098065
1986512269
1986655637
1986665791
1987313448
1987549862
1988267625
1988367310
1988390625
1988703409
1988715102
1989499288
1989782988
1990115720
1990281999
1990347864
1990753171
1990758689
1992017506
1993017447
1993062933
1993811156
1993883859
1994285179
1994306135
1995395225
1995681511
1995962667
1996240388
1996600826
1996819134
1996967627
1997446015
1997507372
1998118438
1999031617
2000272946
2000446975
2000703138
2001277621
2001447105
2001533710
2001860832
2002154076
2002572192
2002600000
2002794475
2002843096
2003251918
2003382271
2004058370
2004131662
2004351710
2004356146
2004585937
2004652290
2004826984
2004830948
2004862448
2005177945
2005294478
2005313443
2005770803
2005781667
2005826478
2005876865
2006305588
2006362454
2006526750
2007274234
2007631879
2007761550
2008320370
2008718325
2009036656
2009264202
2009556682
2009817797
2009951207
2010319866
2010413064
2010518307
2010995899
2011385940
2012832667
2012910214
2013227157
2013263799
2013686014
2013696577
2013887114
2014198915
2014346943
2014355082
2014623477
2014714234
2014745237
2015435499
2015522968
2015564582
2015615177
2016248331
2017010274
2017016180
2017155451
2017675851
2018791065
2018950535
2019040167
2019092126
2019482983
2019608188
2019644922
2019721800
2020044300
2020402677
2020435505
2020615554
2021155772
2021330606
2021465043
2021723504
2022388570
2022709283
2022917994
2023356341
2023415242
2023788690
2023980797
2023997381
2024034664
2024111306
2025168350
2025377372
2025581739
2026425229
2026925036
2027125874
2028408935
2028618950
2028642501
2029040670
2029274747
2029282274
2030535060
2031219775
2031634507
2032096699
2033446677
2033663494
2034043990
2034423831
2034559696
2034694489
2034712468
2034823083
2035101105
2035339891
2035508033
2035536131
2035768214
2036158198
2036855672
2037506381
2037629919
2037998378
2038592944
2038821901
2039153996
2039536270
2039807883
2039875332
2040335141
2040495740
2040769861
2041099390
2041550746
2042597467
2043009550
2043323064
2043476758
2043523417
2043654391
2043777309
2044058411
2044109608
2044160812
2044573792
2044616999
2044852021
2045825390
2045893401
2046093352
2046186767
2046315851
2046324909
2046404334
2046564619
2047083797
2047093619
2047629675
2047844172
2047942263
2048288055
2048323167
2048442936
2048758966
2048879536
2048911512
2049639859
2049692958
2049751555
2050117999
2050439111
2050564665
2050859480
2051247545
2051338292
2051385256
2051491622
2051826700
2052378001
2052403844
2052839210
2053273997
2053561077
2053740467
2055568912
2056130454
2056448497
2056450016
2056589523
2056655501
2056675020
2056791074
2056825283
2057581580
2057814601
2057910554
2058267897
2058436385
2058520820
2059302623
2059314321
2059319113
2059411348
2059521894
2059559087
2059765298
2059774747
2060518062
2060633936
2060733919
2060816213
2061030553
2061238033
2061918656
2061932909
2062317027
2063448567
2063549938
2063822146
2063989319
2064345670
2064384252
2064690798
2065064247
2065233013
2065654128
2066568212
2066654638
2066894349
2067031755
2067192590
2067227513
2067256310
2067582179
2067739135
2067786642
2067861944
2068165825
2068467293
2068623845
2069289210
2069383250
2069578826
2069629462
2070832333
2071461634
2071739019
2071873460
2072373810
2072572501
2072820600
2073218647
2073415822
2073460780
2073564939
2073719445
2073760358
2074149570
2074448522
2074738732
2074895055
2075935860
2075962965
2076272642
2076501688
2076511394
2076976737
2077037444
2077052662
2077277084
2077322101
2077777176
2077986498
2078969861
2079168108
2079828972
2079855708
2080138084
2080301290
2080362219
2080682247
2081223612
2081234583
2081335868
2081566152
2081712822
2081714094
2081793304
2081815509
2082058837
2082080404
2082590961
2082853176
2082924792
2083007006
2083569804
2083689779
2083800653
2083970509
2084031876
2084199970
2084442830
2084978717
2085212375
2085574294
2085886001
2085948602
2086118956
2086278288
2086903502
2087110930
2087597410
2087603794
2087616333
2087812748
2088444700
2088814152
2089230101
2089231071
2089359488
2089621458
2089730992
2089904492
2090588889
2090990539
2092042571
2092154334
2092269320
2092499226
2092651216
2092775262
2092780785
2093323434
2093579587
2094236276
2094573591
2094646906
2095009104
2095018716
2095665113
2095780333
2095973603
2096304201
2096465190
2096593429
2096685721
2097185045
2097565158
2097833205
2098117105
2098396741
2098525057
2098621012
2098840252
2099022047
2099160348
2099210460
2100270209
2100801481
2101009731
2101034800
2101155272
2101501195
2101992024
2102089586
2102377839
2102767253
2102796463
2102856403
2102955373
2103906888
2103944307
2103968429
2104448074
2104484832
2104658666
2105257856
2105317517
2105638968
2105867851
2106020446
2106293651
2106858193
2107145836
2107352384
2107376244
2107495499
2107502170
2107720629
2108125516
2108291996
2108301599
2108499769
2108863232
2108884462
2109022369
2109420990
2110042514
2110637105
2110865462
2110952475
2111434818
2111491700
2111543680
2111865182
2112004334
2112105412
2112503444
2112910785
2114166889
2114782496
2114794854
2114994651
2115012304
2115124033
2115131140
2115142549
2115196884
2115449440
2115562735
2115675833
2115860800
2116250144
2116479991
2116522020
2116961580
2117579025
2117908989
2118110761
2118233335
2118246914
2118367375
2118615598
2118696957
2119234782
2119284851
2119566654
2119756219
2119769066
2119875635
2120289088
2120355528
2120602844
2122154191
2122327717
2123383400
2123767390
2123842580
2124173000
2124193841
2124279232
2124305788
2124777522
2125461533
2125566485
2125826569
2125962826
2126249690
2126313168
2126350417
2126749744
2127192858
2127562555
2127583311
2127588594
2127756847
2127940134
2128457264
2128470073
2128934014
2128981412
2129181444
2129192242
2129249207
2129289151
2129298953
2129432582
2129901220
2129910876
2129951503
2130245970
2130474407
2130626125
2130801092
2131035825
2131319413
2131365139
2131427344
2131628447
2131977509
2132616375
2133177648
2133209910
2133308522
2133411478
2133509641
2133854613
2133919424
2134819905
2134971475
2134980736
2135010710
2135704743
2135898040
2136253190
2136478867
2136707562
2137621426
2137686993
2137849468
2137954008
2138271896
2138400844
2138438338
2138460941
2139035422
2139370548
2140168132
2140292352
2140378829
2140466804
2140477049
2140496568
2140783260
2140817037
2140889436
2140931037
2141007493
2141357081
2142197522
2142220840
2142282400
2142363389
2142442450
2143584816
2143681815
2143926855
2143934954
2144015497
2144038407
2144096522
2144436799
2144649617
2144661348
2144786037
2145316020
2145621329
2145693983
2145855219
2145948315
2145971466
2146283883
2146396095
2147006709
2147060145
2147437111
